2960  2  9 26 29  3  5  6 12 28 21  8 23 24  1 16 27 13  4 11 25  7 19 15 17 10 18 14 22 20 127.987999
2840 17 22 14 15 18 10 19  4 13 25 11  7 23 16 24 27  8 28  6 12  9  1  5  2 21 26 29  3 20 136.868554
3020 14 17 18 22  4 15 11 16 19 25  7 23 24  1  8 27 13 21  9  6  2  5 12 28 10 20  3 26 29 135.644477
2952  2 21  9  5 29  3 26  6 12 13  8 24  1 28 23 27 16  7 25 10 11 17 22  4 15 19 14 18 20 127.479966
2894  2 21 29  3 26  5  9 12  6 28  1  8 24 27 23 11  7 16 13 10 20 25 15 19 22 17 18  4 14 136.484530
2948 20  4 11 17 14 22 18 10 15 19 24  7 25 16 27 23 12  8 21 13  1 28  6  9  5 26 29  3  2 127.943996
2946  2 29 26  5  9 21  3  6 28 12  1 24  8 23 27 16 19  4 25  7 10 20 22 11 15 14 17 18 13 130.464153
3033 21 29  3 26  5  9  2  1 12 28  6  8 24 23 27 19  7 16 25 20 10 13  4 11 22 18 15 14 17 131.156196
2959 21  2 29  3 26  6  5  9 12  1  8 27 25 28 24 16 23 19  7 10 13  4 14 17 18 22 11 15 20 131.320207
2830 26 29  3  2 21  5  6 12  9 28  1 24 27  8 16 23  7 10 20 13 25 19  4 15 17 18 11 14 22 128.148010
