2912 29  3 26  5 12  6  9 28  1 21 24  8  2 27 13 23 16  7 25 19 10  4 15 11 14 18 22 17 20 129.832114
2986 20 14 22 11  4 15 17 18 10 19 16 25  7 23  8 27 12 28 13  1 21 24  6  9  5  3 26 29  2 130.824176
2926 18 22 17 14 11 15 19 10 20  4 13 24 16 27 23  7 25  3  1  8 28 12 21  5  6  9 26 29  2 133.216326
2919 26  3 29  5  9  6 12 21  1 28 13 24 16 27  8 23  7 25 10 20  4  2 19 15 17 18 22 11 14 131.780235
3012 13  2 21  6 12  9 29  5 26  3 28 24  1 27  8 23 25  7 16 19 20  4 10 22 15 14 17 18 11 131.896243
2960 21  5  9  6 12  3 26 29  2  8 24  1 28 13 16 25  7 23 27 10 20 19 14 18 22 17  4 11 15 128.968060
3062 10 11  4 15 20 18 17 14 22  7 19 25 16 27  8 24 13 23  1 28 21  6  9  5 26 12 29  3  2 129.500092
3079  4 15 17 22 18 14 10 13 19  7 27 16 11 25 23 28 24  8 20 21  1  9 12  6  5 29 26  3  2 128.980062
2922 29  9  5  2  3 26 21 28  6 12  1 24 27  8 16 23  7 25 13  4 10 20 14 17 22 15 11 18 19 129.760110
2993 18 22 14 17 11 15 20 10 13  4 16 25  8 19  7 23 27 28 24  1  6 12  5  9 26 21  2 29  3 129.968122
2817 20  3 29  9  5 26 12  6  2 21 16 28  1  8 24 27 23 19  7 25 15 13 10  4 18 17 14 22 11 130.456154
2791 18 17 14 22 11 20 10 13  4 15 19 25  7 27 23 16 24  8 28  6  9 21 26 29  1 12  5  3  2 128.456028
2891 22 18 17 14 11 15 20  4 10 19 25  7 16 24  8 23 27  1 13 12 28 21  6  5  9 29 26  3  2 132.536282
2988  2 26  3  5  9  6 12 29 21 13  1 28 24 27  8 23 16  4 20 10  7 25 19 17 22 15 11 14 18 129.120070
3044 22 15 17 18 14 11 19  7 25 16 23 27  4 10  2 21  8  1 24 28  9 12  6  5 13 26  3 29 20 127.575974
2996 21  3 29 26 12  5  9  1  2 28  6  8 27 24 23 19 16  7 25  4 13 20 11 14 17 22 18 15 10 127.651977
3080 13 19 15 18 17 22 14  4 11 25 23  7 27 16 24  8 21  6 12 28 26 29 20  3  9  5  2 10  1 127.691980
2904 29 26  1  9 12  5  3  2 21  6 28  8 23 24 27 16 25  7 13 10  4 20 19 11 22 17 14 15 18 127.567973
2916 20  3 29 26  6 12  9  5 21  2  1 13  8 23 24 28 27 10 16 19 11 25  7  4 15 14 18 17 22 127.551971
2819 21  9 26 29  2  3 12  6  5 28  1 27 24  8 23 25  7 16 13 10  4 15 17 18 22 14 19 11 20 128.348021
2909 18 15 22 17 14  4 10 11 25  7 19 16 27 23 13 24  8  1 28 12 21 26  3  2 29  6  9  5 20 142.872929
2932 15 18 17 11 14 22 25  7 23 27 16 19 10  4 20 24  8 28 13  1 12  6 26 29  9  5  3  2 21 135.364459
2827 21  3  2 26 29  5 12  6  9 28  1  8 27 23 13 19 16 24 10  4 25  7 11 18 22 14 17 15 20 129.276079
2949  5  3 29 20  2 21 28  6 12  9 26  1 13 24  8 23 27 15 19 16 11  7 25 22 18 17 14  4 10 130.544158
2876 21  2  6 28  5  9  3 29 26 12  1 27  8 24 13 23 16 18 17 22 14 11  4 19  7 25 15 20 10 130.472153
