2925 29  3 26  2  9  5 21 12  6 28  1  8 23 27 16 17 13 24 25  7 19 11 14 22  4 15 18 20 10 128.816050
2847  3  2 29 26  5  9 21 28  6 12 24  1  8 16 27 23 13 19 15 11  7 25 17 18 14 22 10  4 20 126.479904
2925  4 11 22 14 18 17  7 25 19 15 10 24 13 27 16 23  8 28 21  5  6 26  9 29  3  2  1 12 20 128.160010
3046 20 10 22 17 14 18  4 11 15 19 25 16  7 24 27 23 13  8 28  1  3 29  2 12 21  5  6  9 26 132.048252
3058  2 24  8 27 23 28  1 26  3 29 21  9  6 12 20  4 10  5 15 18 22 17 14 11 16 25  7 19 13 128.856054
3128 18 15 11 22 17 10 19 14 25  7 23  8 16 27 24 13 20  4 28 12 21  5  1  6  9 29 26  3  2 129.568097
2932  9 26 29  3  2 21 12  1 28  5  6  8 23 24 27 16  7 25 20 13 10  4 19 15 11 18 14 17 22 126.839927
3056 20 26  3 29  5  1 28  2  6 12  9 21 27 23  8 24 13  7 25 18 10  4 22 17 14 15 11 19 16 129.160072
2975 19  4 20 15 18 14 17 22 11  7 25 16 23 24 27  8  1 10  3 26 29  5  9 12  2 21  6 13 28 127.543971
2977 17 22 18 14 25 11  4 15 10 13 20 16 19  7  8 27 23 24  1 21  6  5  9 28 12 26 29  3  2 130.564159
2965  4 15 18 17 22 14 11 13 16 19 25  7 27 23  8  6 28 12 24  3 29  2 21 26  9  1  5 10 20 128.204011
2856  2  5 26  3 29  6  9 28 12 21  1  8 27 24 10 13 25 23  7 16 11 19 15 18 17 22 14  4 20 128.068004
2806 20 26  3 29  9  5 12 21  6 28  1  2 24 27  8 23 13 16  7 25 22 14 18 17 15  4 11 19 10 128.416025
2907 21  3 29 26  2  5  9 12  6 28  1 27 24 16 13  8 23 25 11  7 18 17 20  4 15 22 14 19 10 127.587974
2947  2  9 29  3 26 12 21  5  6  1 24 27  8 28 23 16 13 25 19 20 10  4 15  7 11 22 17 18 14 132.516282
2891  2  3 21 28  5 26 29  9 12  6  1 24 27  8 23 16 19  7 25 11 13 20 18 15  4 10 17 14 22 128.400025
2906  4 14 22 17 18  7 25 11 16 19 10 20 15 13 24  8 23 27 28  6 12  9 21  5  1 29 26  3  2 128.248015
2885 11 18 14 17 22 15 16 25  7 19  4 10  8 23 27 24  1  6 13 21 28  9  5 12 26 29  3  2 20 133.992374
2848  2 26 29  3  5  9 21  1 28  6 12 24 16 27  8 25 19  4 13 23  7 11 10 14 17 22 18 15 20 127.735983
2910 29  3  2 26 21  5  9  6 12  8 24  1 13 28 23 16 19 27  7 25  4 15 11 17 22 14 18 10 20 127.951996
2922 21  2 29  3 26 12  6  9  5  1 28  8 27 23 13 24 16  7 25 19 11 10 15 22 20  4 14 18 17 127.791987
2909 24 27  8 23 16 19 13 25  7 11 22 15 18 14  4 17 20 10 12  5  6 26  3 29  9 21  2  1 28 128.704044
2882 21  2 29  3 26  5  9 12  6  1 28 27  8 24 18 17 13 23 25  7 19 16 10  4 11 15 22 14 20 128.160010
2834  2  3 29 26  6 21  5  9 12 28  1 13 10 20  4 16  8 27 23  7 25 11 15 18 24 19 17 22 14 131.240202
2819 23 24  8 27 16 25  7 19 15 22 14 17 18  4 11 13 10 20  2  3  5  9 29 26 28  6  1 12 21 133.236327
