2968 10  4 14 18 17 11 22 15 16 19 25  7 23 24  8  1 27 13 20  6 12 28  9 26 21  5 29  2  3 128.568035
2949 20  4 15 25 18 11 22 14 17  7 19 10 13 16  8 23 27 24  1 21  2 29 28  6  9 12  5 26  3 130.900181
2789 13 20 15 17 18 14 22 11 19 10  4 25  7 27 24  8 16 23  1 12 28  6  5  9 21  2 26  3 29 130.064128
2989 17 22 14 18 19 11 15 20 10  4  7 25 16 24  1 27 23  8 28 26  6 12 21  2 13  9  5  3 29 131.184199
2887 18 22 17 14 15 10 13  4 19 11 25  7  8 27 23  1 24 16 28  6  5 12  9 26  3 20  2 29 21 127.743983
2980 15 11 14 22 17 18  4 13 16 24 28 20 25  7 19 10 27 23  8  1 21  6  9 12  2 29  3 26  5 134.188387
3001  5  9 21  3 29 26  2  6 28 12  1 27 24 23  8 25  7 16 13 11 10 19 15 22 14 17 18  4 20 130.664166
2944  2 21  3  5 29 26 12  9  6  1 16 24 23  8 28 27 19  7 25 13 11 17 18 14 22 15 10  4 20 130.780173
2956  2  9  5 26 29  3  1 12  6 21  8 16 27 23 28 24 13 20 10  4 25  7 11 17 22 19 15 14 18 129.752109
2960  2  3 29 26  9 21 12  5  6 28  1 24 13  8 16 23 27  7 25 19  4 20 14 10 15 11 18 17 22 128.248015
