2922  3  5  9 12  6 26 29 21 28  1 20  2 24  8 27 23 13 16  4 11  7 25 19 15 17 18 22 14 10 130.372147
2993  2  5  3 26 29  9  6 12  1 28 13 21 24 27  8 23 16 25 19 11  7 10 20 18 15  4 17 14 22 130.128133
2761  2 29  3  9 26  5 21 12  6 28  1  8 23 13 27 24 25 16  7 19 10  4 17 18 14 22 11 15 20 130.824175
2939  3  9 26 29  5 12 21  2  6 28  8  1 24 27 23  7 16 11 25 19  4 17 15 22 14 18 13 10 20 130.048128
3021 18 22 17 14 11 10 15  4 19  7 25 16 24 27 23 13 28  8  6 12  3 26 29  9  1 21  2  5 20 129.764110
2926  2  9 28  6  5 29  3 26 12  1 21 20  8 27 23 24 13 16  7 25 11  4 14 22 18 17 15 19 10 127.967998
2837 18 14 17 22 15 11  4 19 10 13 24  8  7 27 25 16 23  1 28  6 12  9 29 26  5  3  2 21 20 129.320082
2892 15 22 17 18 14 10  4 11 19 25  7 16 13 28 24 27 23  8 21  1  5 12  6  9 29  2 26  3 20 130.460153
2957  2 26 29  3  5  6 12  9 13 27 21  1  8 28 24 23 16  7 25 10 20  4 18 14 17 15 22 11 19 129.768110
2913  2  9  5 29 26  3 21  6 12 28 16 27  1 24  8  7 25 10 13 23 19  4 11 22 14 17 18 15 20 131.332208
