3010 13  4 22 14 18 17 15 11 16 10 20 25  7 19  1 24  8 23 27 28 21  2  6  3 29 26  5  9 12 127.991999
2759 20 29  3 26  2  9  5 28  6 12 21  1  8 23 24 27 13 10 16 25  7 19  4 22 11 15 14 17 18 128.808050
2890 10 29  3  2 20 26  5 28  6  9 12  1 21 16 24 23 27  8 13 11 25  7 19  4 22 17 14 18 15 130.400150
2941 17 18 22 14  4 15 11 25  7 19 16 27 23 10  8 24  6 12 28 13  1 21  5 26  3 29  9  2 20 129.552097
2948  2  5 26 21 29  3  9  6 12 28 24  1  8 27 23 13 15 11 16  7 25 10 19  4 18 17 14 22 20 131.608224
2986  3 29  5 12  9 26  2 10 21  6 28  8 23 27 16 24  7 25  1 13  4 15 11 19 22 18 14 17 20 131.840240
2852  4 17 14 22 18 25 19 15 11  7 16 24 23  8 27 10 20 13 21  9 12  6 28  1 26  3 29  5  2 129.092067
2887 25 18 15 11 22 14 17 10  4 19 13 16  7  8 23 27 24 21  1 28 12  6  5  9  2 29 26  3 20 131.728232
2992 11 22 17 14 15  4 10 25 18 13 24  8  1 28 12  5  6  9  3 29 26 20 21  2 23  7 27 16 19 129.012062
3043 22 14 17 18 15 19 11 25 10  4  8 27 23  7 16 13  6 28  1 24 21  5  2  3  9 12 26 29 20 129.572097
