2932 10 17 14 22 11 18  4 15 20 25 19  7 23 16 27 24 28  1 13  8 21  2 26  9 12  6  5  3 29 128.912057
2860  3 26 29  2 21  5 12  6  9  1 28 16  8 13 24 27  7 25 23 19 10  4 15 11 18 14 22 17 20 128.912056
2960 10 18 14 17 22 15 11 19 25  7 23 28  8 13 16 27 24  1  4 21  2 20 29 26 12  9  6  5  3 127.883993
2858  2 29 26  3  5  9 21  6 12 28 24  1  8 23 25  7 27 16 19 20 13 11 14 22 18 17 10 15  4 128.232014
2931 17 22 14  4 18  7 25 15 11 10 16 19 13 23  8 24 27  1 28  6  9 12  5 21  2 26  3 29 20 128.528032
2970  2  4 15 18 14 17 22  7 25 11 16 13 10 19 23 27 24  8  6 28  1  5  9 12 21  3 20 29 26 127.491968
2869 20  5  2 26 29  3  6 21  9 12 24  1 28  8 27 23 16  7 25 13  4 11 19 18 14 17 22 15 10 130.120132
2962  2  9 26 29  3 21  5 10 20 12  6 13 24 28  1 27  8 23 16 15  4  7 25 19 11 17 14 22 18 129.932121
2946  2  3 29 26  9  5  6  1 21 12 28 24  8 27 16 23 20 19 25  7 10 13 11 15  4 17 22 18 14 143.516969
2877  5  9 26  3 29  2 12 21  6 28 24  1 27  8 13 10 25  7 23 16  4 19 11 22 14 15 17 18 20 145.421089
2861  2 29  9 26  5 21  3  1 28 12  6 24  8 23  7 25 19 27 16 13 10 20 18 22 11  4 15 14 17 141.324832
3019 29  9  5 21  6 12 26  3  2 24 27  1 28  8 23 16  4 13 19 25  7 20 10 15 14 11 22 18 17 127.359959
2867 29  3 26 12  9  6 28  5  2 21  1 13 24 16  8 27 23 25  7 14 11 22 15 19  4 18 17 20 10 127.835989
2965  2  1 21 26 29  9  3  5 28 12  6 24  8 16 23 13 27 25  7 15 14 22 17 18 11 19  4 10 20 128.128007
2910  2 29 21  3 26  5  6  9 12  8 27 16  1 28 24 23 25  7 19 13  4 17 22 11 10 15 18 14 20 128.688042
3000 12  5  9 26  6 28  2 29  3  1 21 24 27  8 16 23  7 25  4 19 22 11 17 14 15 18 13 20 10 131.672229
2857 26 29  3 20  2  9  5 12  6  1 28 21 16 24 27  8 23 13 10  4 19  7 25 15 17 11 22 14 18 131.136196
2911  2 21 26  3  9 29  5  6 12 28  8  1 24 27 23  7 25 11 19 16  4 14 22 17 20 18 10 15 13 129.156071
2741  4 15 11 22 17 14 18 19 10 13 27 25  7 23 16 24  8 21 28  9 12  6  5 26  1 29  3  2 20 129.712107
3069  4 15 11 14 18 22 17 19  8 16 25  7 23 27 24  6 12 13  1 28 10 20  3  2 26  9 29  5 21 128.960060
2850  2 29  3 26  9  5 12 21  6  1 28 24 10 16 13  8 27  7 25 23 19 11 15 14 22 17 18 20  4 130.420151
2833  3 29 26  5 12  9  6 21  2 28  1 24 16  8 27 23 25  7 19 15 13 18  4 17 14 11 22 20 10 127.675979
2982 20  4 18 15 14 17 22 11 19 25  7 23 13 10  8 24 27 16 28  1 21 12  3  6 26  9  5 29  2 133.692355
2956  2 21  3  6 12 26 29  1  5  9 28 24  8 13 27 23 16 25 11 19  7 17 22 14 18 15  4 10 20 129.076067
2952 10 15 11 18 22 14 17 19  7 25 24 23 27  4 13  8 16 21 26 12  6 28  1  9  5 29  3  2 20 133.596349
