3030 20 10  2  5 28 21  3 29 26  6  9 12 24  1  4  7  8 27 23 25 16 13 19 11 22 18 17 14 15 127.275955
2975 13  3 29 26 21  2 20  6 12  9  5  8  1 28 24 23 27 16 10 19 25  7 11  4 22 17 15 14 18 127.603975
3013  5 26 21  3 29  9 12 28  6  1 24  8 27 23 16  7 25 20 13  2 10  4 22 14 17 11 18 19 15 127.447965
2892 20  4 15 22 17 18 14 11 19 16  7 25 23 13  8 10 24 27  1  6  9 12 28  5 29  3 26  2 21 127.255953
3017 22 17 14 18  4 15 16 19  7 11 25 23 27 13 10  5  6  9 12  8 28 24 21  1  3 29 26  2 20 127.427963
2883 20  4 17 22 14 18 15 11 10 16 23 27 25  7 19 13  8 28 24  1  5 12  9  2 21  6 26  3 29 127.243952
2858  2 26 29  3  5 12  9  1 21  6 13 20 28 16 23 27  8 24 19  7 25 11 17 22 18 14 15  4 10 127.351959
3020 22 17 14 19 15  4 18 16  7 11 25 23  8 27  1 24 13 10 20 29  3  2 21  9 26  5 12  6 28 129.976123
3003 18 17 14 22 11 15  4 19 25  7  1 16 13 20 10 27 23 24  8 28 12  2 29 26  6  9  5 21  3 130.608162
2874  3 29  2 21  6  5 26 12  9 20  1 28 24  8 13 16 23 27 19 11 25  7 14 17 22 18 15  4 10 127.151946
2893 20 18 17 22 15 11 19 14  7 25  4 13 10 16 27 23 24  8  1  5  6 28 12 21  2  9 26 29  3 128.856053
2847 19 11 22 17 14 18 15  4 25  7 16 28  1 13 20 10 24 27 23  8  9  5 12  6  2 21 29  3 26 127.859991
2978  2 29 10 20 21  3 26  5 28  9  6 12  1 27 13  4 24  8 23 16 25  7 11 19 15 17 14 22 18 127.835989
2953 17 14 22 18 11 16 15  4 19 20 10 13  8 23 27 25  7 24  1 28  6 12 26 21  5  9 29  3  2 128.552034
2967 22 17 14 18 15 20 19 13  4 10 11 25 23 27  7 16 24 28  8  1  6  5  9 12 21  3 29 26  2 128.728046
3007  9  5 12 21 26  3 29 20  2 10  1 24 28  6 13 27  8 23 16 19 25  7  4 15 18 17 22 14 11 128.652040
2831 10 15 17 18 22  4 11 14  7 25 19 13 24 27 23  8 16  1 28  9 21  6 12  5  2 26 29  3 20 128.696043
2935  4 22 17 14 18 25 11  7 19 16 15 10 20 13 27 23  8 24 28 12  1 21  6  5  2 29  3 26  9 128.284017
2998 12  6 28  3 29  9 26  5  2 20 10  8  1 24 21 13 27 23  7 16 25 19 11 15  4 22 17 14 18 127.315957
3002 13  7 11 15  4 14 10 22 17 18 25 16 19 23  8  1 27 24 21 12 28  6  9  5 26 29  3  2 20 127.395962
2959  2 29 26  3  5  9 12 21  6  8 28  1 27 16 24 23 13 25  7 11 19 18 22 10  4 15 14 17 20 128.324020
2952 18 14 22 17 11  4 15  7 19 25 16 23 27  8 24  1 13 28  9 12 21  5  6 10  2  3 29 26 20 128.208012
2997  4 17 22 14 18 15 11 19 16 23  6 13 25  7 10  8 27 24 28  1 12 21  9  5 29  3 26  2 20 127.359959
2865  3 29 26  9  5 21  1  2 12  6 28  8 24 27 23 19 16 13 10 20  7 25 11  4 17 22 18 14 15 128.488031
2966  4 14 18 22 17 15 11 25  7 19 10 13 24  1 16 20 27 23  8  6 12  9 26  5 29  3 28 21  2 129.592099
