2955 13  1  9 29  3 26  5  6 21 28 12 24  8  2 16 27 23  7 19 25 11 22 14 18 17  4 10 15 20 128.572035
2973 22 17 14 15 18 19 11 25  7 23 24 10 20  4 16 27  8 13  2  5  9 12  1 21 28  6  3 29 26 129.724107
3027 11 18 22 14 17 10 20 15  4 19  7 25 27 23 24 16 28  8 13  1 21 12  5 29  3 26  9  6  2 130.368148
2899 10  4 18 15 17 20 14 22 13 19 11 25  7 16 23 24 27  8  1  6 12  9 26 29  3  2 21 28  5 130.592161
3041  4 18 22 14 17 20 10 15 11 25 19 13  7 23 24 16 27  8 28  1 26  6  9 12 21  3  5  2 29 130.712170
2979 29  3 26  9  5 12 28  6 21  2 10 13  1 24  8 27 20 16 25  7 23 15 14 11 19 18 17 22  4 131.472216
2995 14 22 18 17 11  4 10 15 19  7 23 25  8 27 16 24 13 20  2  1 28  9 29  3 26  6 12 21  5 130.464154
2835  4 15 17 14 18 22 11 19 25  7 27 16 13 23 28  1  8 24 21 20 10  6  5 12  9 26  3  2 29 130.196136
2884 17 22 14 11 18 15  4 16 19 25  7 23  8 27 13 10 20  2  1 24  6 28  9 12  5 26  3 21 29 130.156133
3044 20  2  9  5  6 26 29  3 21 12 28  1  8 23 16 24  7 10 13 19 27 25 11 18 15 22 14 17  4 141.276829
