2970  2 26 29  3  5  6  8 28  1  9 12 21 13 16 24 19 23 27  7 25 20 11 14 18 22 17 15  4 10 128.744046
2905 10 18 22 17 14 11  7  4 15 19 16 13 25 24 27 23  8 28  1 12  6 21 20  3 26 29  2  5  9 127.439964
2920 18 15 22 17 14 19 25  7 11 13  4 10 20 23 27 24  8 16 21 12 28  1  6  9 26 29  3  5  2 132.544284
2982  3 29 26  2  6  9  5 12 28  8 27  1 21 10 13  4 16 23 24  7 25 11 15 14 19 17 22 18 20 129.452090
2932 10 11 17 14 22 18 15  4 19 25  7 16 24 28  1 27  8 23 13 20  5 21 12 26  6  9  3 29  2 127.687980
2860  5 26 29  3  2 21  6 12  9 28  1 13  4 10 24 27  8 16 23 11 25  7 15 19 14 18 17 22 20 127.819989
3011 17 22 18 14 25  7  4 11 13 10 19 15 16 27  8 23 24  1 21 28 12  9  5  3 26 29  6  2 20 127.439965
2815  3 29 26  5 12 21  2  9  1  6 28 24 27 23 16  8 25  7 11 19 15  4 17 22 18 14 13 10 20 134.812425
2817  4 14 18 17 22 25 11 15 27 23  7 19 13 10 24 16  1  8 28  9  5 12  6 26 29  3  2 21 20 130.572161
2920  3 29  2 21  5  9 26 12  6 28 23 24  8 27 25 13  1 16  7 19  4 18 15 14 17 22 11 20 10 128.868053
2961  4 11 15 13 17 14 22 18 25  7 23 10 19 16 27  8 28 24  2 21 29 26  3  5  9 12  6  1 20 132.212263
2846  1  2  3 29 26 21  6  5  9 12 28 13  8 23 27 24 19 25  7 16  4 20 15 11 14 17 22 18 10 128.888055
3000 21 12  6 26 29  3  5  9  2 28  1  8 16 23 27 24  7 25 13 15 20 10 17 14 22 18  4 19 11 129.224075
2945 10 15 17 14 18 22 11 19  4 20 16 27 25 23  7 13  2 28 24  1  8 21  5  6 12  9 26 29  3 127.079942
3050 18 22 17 14 15 19 25 23 11 10  4  7 27 16 24  8  1  2 20 13 28  6 12  5 29  3 26  9 21 127.615976
2903  4 14 22 17 18 11 10 20 15 19  7 23  8 24 27 13 25 16  1 28  2  6 12  5 26  9 29  3 21 130.484155
2935 17 22 18 14 10 15 19 11 25  7  4 13 16 24 23 27 28 12  1  8  6  9 26  2 29  3  5 21 20 130.128132
2951  4 22 17 10 15 14 18 13 16 25 11 19  7 23 27 24  8 28 12  2  1  6 21  5  9 29  3 26 20 129.416088
2960  4 23 19 17 18 15 14 22 11 25  7  8 16 24 27 13 10 20  6  1 28 21 12  9  5 29  3 26  2 128.792050
2917 18 17 22 11 14 19 16 15 20 13 24 23  7 25 27  8  4 10 21  1 28  6  9 12  5  2 26  3 29 127.435964
2789 15  4 18 14 22 17 10 11  7 25 19 16 23 27 13  8 24 28  9 12  1  2 21  6  5 26  3 29 20 127.299956
2824 10 20 15 11 22 18 17 14 25 19  4  7 23 27  8 24 16 13  1 28  6  3  9 26 29  5 12 21  2 127.119945
2897 21 29  9 26  3  2  1 28  5 12  6  8 23 13 24 16 27 19  7 25 10 20  4 15 18 17 22 14 11 129.960122
2854 29  5 12  6  2  3 26  9 21  1 28  8 24 23 27  7 16 13 10  4 25 11 15 19 18 22 14 17 20 130.132133
2935 20 18 15 13 16 14  4 17 22 11 19  7 25 27 23 24 10  8  1 28  6 12  9  5  3 26 29 21  2 130.456153
