2453  7 25 19 11 14 18 17 22  4 15 13 10 20  2  3 26 29 21  5  6 12  9  1 28  8 27 23 24 16 127.847989
2729  4 15 22 18 14 17 11 19  7 25 23 16 27 13 10 20  2  3 29 21  5 26  6 28  1 12  9  8 24 127.459966
2418 26 29  3  2 21 20 10 18 17 22 14  4 15 19 11 25  7 13 23 27 16  8 24 28  1  6 12  9  5 127.231951
2464  2  3 29  5 26  9  6 12  1 21 28  8 24 27 13 16 23  7 25 19 22 17 14 11 18 15  4 10 20 127.563972
2502 11 18 17 14 22 15  4 10 20  2 21 29  3  5 26  6  9 12 28  8 27 23 16 24  1 13 25  7 19 129.208075
2496  2  3 29 26 21  9 28 12  6  5  8  1 24 16 13 27 23  7 25 19 11 15 14 22 17 18  4 10 20 126.751921
2506 10 15 18  4 11 22 17 14 19 16 27 25  7 23 24 13  8  1 28  6  9 12  5 26 29  3 21  2 20 127.499968
2511 19 25  7 27 16 23 24  8 12 28  1  6  5  9 26 29  3  2 21 20 10 13 18 17 22 11 14  4 15 127.075942
2592 25 15 11 18 14 17 22  4 10 20  2  3 29 26  9 12  5 21 28  6  1 13 23  8 24 16 27 19  7 126.843927
2486 21 26 29  3  2  5  9 12  6  1 28 24 27 23 16  8 13  7 19 25 11 17 22 14 18 15  4 10 20 126.943933
2528 20 10  4 15 17 14 22 18 11 19  7 25 16 24 23 27  8 13 21 28 12  1  5  6  9 26  3 29  2 127.447966
2538 20 10  4 18 15 14 22 17 11 25 19 23  7 16 13 27 24  8  1 28 21 12  9  6  5 26  3 29  2 126.575911
2493  1 28 12  6  5  9 26 29  3 10  2 21 13  4 20 14 18 22 17 11 15 19 25  7 16 24 27 23  8 131.380210
2534 23  8 24 27 16  7 25 19  4 15 11 22 17 14 18 10 20 13  2  3  9  5 26 29 21 12  6  1 28 126.895931
2517 15  4 19 13 10 11  7 25 16 23 27  8 24  1 28  6 12  5  9 21  2 26  3 29 20 17 18 22 14 128.216013
2394 20 10  4 18 22 17 14 15 19 11  7 25 16 23  8 27 24 13  1 28 12  6  5  9 26  2  3 29 21 126.567910
2485 24  1  8 28  6 12  9  5  3  2 26 29 21 20 13  4 10 15 22 17 14 18 11 19 25  7 23 16 27 127.619975
2482 20  4 10 14 18 17 22 11 15 25  7 19 13 27 23 16 24  8 28  1  6 12  9 21  5  3 29 26  2 127.283955
2627 21  1  8 24 13 16 27 23  7 25 19  4 15 11 14 18 17 10 22 20  2  3 29 26  5 28  6 12  9 126.923932
2452 24  8 28  1 12  6  9  5 21  2 26 29  3 20 10  4 22 14 17 18 11 15 13  7 25 19 16 23 27 128.980061
2576  3 26 29  2 21  5  9 12  6 28  1  8 23 27 24  7 25 19  4 16 13 15 14 17 22 11 18 20 10 126.887930
2429  8 24 23 16 19 27  7 25 11 14 22 17 18 15  4 13 10 21 20  2  3 26 29  5  9 12  6 28  1 126.823926
2558  8 27 23 16 25  7 11 19 18 17 14 22 15  4 10 13 24 20 21  2  5 26  3 29  1  6  9 12 28 126.675917
2475  9  5 26 29  3  2 13 20 10  4 22 17 15 18 14 25 19 11  7 23 27 16  8 24 21  1 28  6 12 131.668228
2538 21  2  3 29 26  5  9 12  6  1  8 28 27 24 13 23 19 16  7 25 22 14 18 17 11 15  4 10 20 135.016438
