2878 11 14 18 22 17  4 15  7 16 19 13 25 23  8 24 27 28 12  6  9  5 26  3 21  1 29  2 20 10 129.464091
2854  9 12  2  3 29 26 21  5  6 28  1 27 24 16 23  8 13 25  7 11 14 17 22 18 19  4 20 10 15 128.828052
2789 11  7 25 17 22 18 14 15 19  4 16 24 13 23 27  8  1 28  6 21 10  2  3 29 26  5  9 12 20 129.356084
2913  9 29 26  3 20 21  2 10  5 12  6 28  1 13 16 24  8 23 27  7 25 19  4 14 11 22 18 17 15 129.120069
2993 20 29 26  3  2 21  1 13 16  6 12  5  9  8 24 23 27 28 19  7 25 15 11 17 22 14 18 10  4 129.156071
2809 14 22 17 18 11 15  4 25  7 16 10 20 13 23 24 27  8  1 28  6 12  5  9  3 26  2 29 21 19 136.084505
2995 15 17 18 11 22 14 25 19 13  4 10 20 16 24  8  7 23 27  1 12 28  6  3 29  2 26  9  5 21 128.068004
3015  2 29  3 26 12  9  5 21  6 28  1  8 27 24 23 25 13 16 10 11  7 15  4 19 20 18 22 14 17 127.487967
2868 11 25  4 17 22 14 15 18 19  7  8 27 23 16 13 10 24  1 28  6 12  5 21 26  9  3 29  2 20 131.096194
2975 21 26  2  9  5  3 29  6 12 28 23  8 27 24  1 16 25  4 11  7 19 17 14 22 18 15 20 10 13 129.392086
