3023  3 29 26  5 28 12  9 21  1  8  6  2 15 10  4 13 27 16 24 25 23  7 19 11 22 18 17 14 20 128.204012
2886 26  9  2  3 12  6 28 21  5 29  1  8 24 23 27 13 16 19 25  7 11 22 18 14 17 15  4 20 10 127.087942
3078 17 14 18 22  7 25 11 19 27 23  8 16 24 13 20 10 15  4 28 21  5  9 12 29  3 26  6  1  2 131.624226
2969  2 29  3 26  9  5 12 21 28  6 24 27  8  1 13 20 16 25 15  7 23 19 14 22 18 17 11  4 10 141.676854
2813 29  3  2 26 21  5  6 12  9 28 16  8  1 27 24 23  7 25 19 13 17 22 14 11  4 15 18 10 20 130.116132
2996 20 15 11  4 18 14 17 22 19 10 25  7 23 27 13 16 24 28  8 12  2 21  6  1  9 26  5 29  3 127.559972
2963  2  3 29  5 26 21  9  6  1 28 12 27  8 23 16 24 13  7 11 19  4 25 15 14 22 18 17 10 20 131.592224
2874  2  9 26 29  3 21  5 12  6 27  8  1 24 28 23  7 25 16  4 10 13 22 11 14 17 18 19 15 20 128.480030
2975  2  3 26 21  5 29  9 12  6 13  1 28  8 23 16 27  7 24 19 25 11 10  4 15 14 22 18 17 20 134.720420
3047 11 17 22 18 15 14  7 25 20 13  4 19 16 27  8 23 24 28 21 10  1  6 12  9 26  5  2  3 29 131.664229
