2745  3 26  9 29  2  5  6 21 12  1 28  8 23 27 24 13 16 11  7 19 25 14 18 17 22 15  4 10 20 130.620163
2803 29  3 21  2  1  9 26  5  6 12 28  8 24 27 23 25 16  7 13 20 10  4 19 14 18 17 22 11 15 130.332145
2782  9 26 29  3  2 20 21  5  6 12 28  1 13  8 27 24 23 16 25  7 19 11  4 22 15 14 18 17 10 127.143946
2843  5 29 26  3 21  2 28  6  9 12  1 13 16 24 27 23  8 10 20 19  7 25 11 18 22 14 17 15  4 129.244078
2811  4 15 18 17 22 14 11 19 25  7 16 27  8 23 10 13  2 20 24  1 12  6 28  9 26 21  5  3 29 129.608099
2886 29  3 26  5  9 12 21  2  1  6 28 27 23 24 16  8 10 13 20 18 14 22 17 15  4 11 19 25  7 128.300018
2824 19 20  4 18 17 15  7 25 14 22 11 10 13 24  8 27 16 23  1 28  6  5 21 12  9 26  3 29  2 129.140071
2818  5  2  3 29 26 21 12  6  9 28  1  8 23 24 27  7 25 16 13 20  4 15 19 10 18 22 17 14 11 129.524094
2771 15  4 22 14 17 18  7 25 11 19 16 13 10 23 27  8 24 28  6  1 12  5  9 21 29 26  3  2 20 129.856115
2866  3 29  2 26  5  9 21 12  6 28  1 24 23 27  7 25 16  8 13 11 19  4 10 20 15 17 18 22 14 130.556160
2781 20  3  2 12  9 26  5 29  1  6 28 21 13 24  8 23 27  7 25 16 19 11 14 18 17 22  4 15 10 127.707981
2801 27 23 21  1  8 24 28 12  6  5  9 29  3 26 10 20  2 13 11  4 14 22 17 18 15  7 25 16 19 127.091943
2599 16 27 23 24  8 28  6  1 12  5  9 26  3 29  2 21  4 13 20 10 15 18 22 17 14  7 11 25 19 129.552097
2868  4 15 14 17 18 11 22 10 16  7 19 25 13 23  8 27 24 28 21  5  9  6 12  1 26 29  3  2 20 129.004062
2826 21  9 29  2  3 26  5  6 12 28  1  8 25 24 27 23 16  7 19 13  4 11 17 18 14 22 15 20 10 127.583974
2877 22 17 14 18 11  4 10 19 15  7 25 23 24 13 16  8 27 20  5 21  1 28 12  6  9 26 29  3  2 141.120820
2766  2 29 26  9  5  3 21  1 12  6 28  8 16 13 23  7 25 19 27 24 11 22  4 14 17 18 15 10 20 133.932370
2829  2 21 26  3 29  5  6  9 12 28  1 16 13 24  8 23  7 27  4 18 17 14 22 11 20 10 19 25 15 133.600350
2839 21  2 29  3 26  9 12  5  1 28 27  6 24  8 16 23 25 10 13 19  7 11 22 17 14 18 15  4 20 129.348083
2940  2 29  3 26  9  6  5 12 21  1 28 27 24  8 16  7 23 15 20 13 25 10  4 19 11 22 14 17 18 127.931996
2848 18 22 17 14  7  4 15 19 13 11 25 10 16 23 27 24  8 28  1  6 12  5 21  9 26  3 29  2 20 127.175949
2815  4 22 18 17 14 15 20 11  7 25 19 10 13 16 23 27  8 24 21  1 28 12  6  5  9 26 29  2  3 131.344208
2808  2  5  6 12  9 26  3 29 20 21  1  8 28 23 27 19  7 13 24 25 16 11 22 14 18 17 15  4 10 130.004125
2917  4 15 19 18 17 14 22 11 10 13 16 25  7 23  8 27 24  1 21  9 12  2 20  3  5 28  6 29 26 127.179949
2898 26  6  5 12  9  2 29  3 21  1 28  8 24 27 23 16  7 25 14 19  4 22 11 17 18 15 13 10 20 127.219951
