2842 10  4 18 15 11 22 14 17 20 19 25 23  7 16 13 24 27  8  6 28 12  1 21  5  9  2 29  3 26 128.464029
2943 10 14  4 22 18 17 15 11  7 25 19 23  8 27 16 24 21  2  1 28 12  9  6  3 26  5 29 20 13 127.403962
3019  4 17 14 22 18 15 19 25 11  7 23 27 13 24 16 28  8 20 10 21 26  6 12  5  9  1 29  3  2 127.439964
2904  2  5 26  3 29 21  9 12  6 28 24 16 27  1  8 23  7 13 20 10 15 25 17 22 18 14  4 11 19 128.812050
2987  2 26  3 29  5  9  6 21 28 12 27  8  1 24 23 25 15 10 19 16 13  7 14 18 17 22 11  4 20 128.460029
2987 21  2 29 26  3  9 12 28  5  6  1 27 23  8 24 11  7 25 16 13 15 18 19 20 10 17 22 14  4 128.104006
2913  2  5  9 29  3 26 28  6 12 13 21  1 27 24  8 25  7 23 16 19 20 10 15  4 17 14 11 22 18 128.624039
2878 15 11 14  4 22 17 18 10 13  7 25 23 19 16 24 27  8 28  1  6 12  9 26  3  5 29 20  2 21 127.979997
2936  3 29 21 26  5  9  2  1 28  6 12  8 24 16 25 27 23  7 19 13 15 17 11 22 14  4 18 10 20 128.048003
2894 29  3 26  9 12 28  1  2  6 21  5 24 27  8 16 23 25  7 19 20 13 11 14 18 17 22 15 10  4 127.391961
2868 22 17 14 18 11 25  7 15  4 27 16 19 23  8 24 13 10 20  1  6 12 28 21  3 29 26  5  9  2 127.735983
2914 19  4 17 18 14 22 11 20 10 13 15 25  7 23  8 16 27 24 12  1 28  6  9 21  5 26  3  2 29 130.708169
2825  5  3 29  2  9 26 21  6 12  1 28 27 23 16  8 24 25  7 19 15  4 20 10 13 11 22 14 17 18 130.448153
2939  9  2  5  3 29 26  6 28  1 21 12  8 23 24 27 13 20  4 11 25  7 19 16 15 18 14 22 17 10 130.692167
3061 13  2  5 26  3 29  9 12  1 24 28  6 21 23  8 27 10 15 16 20  7 25 19 11 14 17 18 22  4 130.060129
2947 18 14 17 10 11 22 15  4 19  7 25 16  1  8 23 27 24 13  2 28 12  6  9  5 20  3 29 26 21 128.584037
3013 17 11 10 18 14 22 15 19  4 25  7 23 27 16  8  1 24 13  5 21  6 12 28  3 26  9 29  2 20 127.899993
2950 29  3  2 21 26 28  5  6 12  9  1 13 27 24 23  8 19  7 25 16 20 10  4 18 14 17 22 11 15 129.184073
3003 29 26  3  2  6  5 21 12  9 28 16 27  1 23  8 24 13 20  4 15 25  7 11 19 18 17 14 22 10 127.943996
3017  4 22 17 11 18 14 13 10 15 16 19 25 23  7 24 27  8  6 12 28  1  2  9  5 21 26 29  3 20 129.580098
2890  5  6 26 29  9 12  3  2 21 28  1  8 24 27 23 16 10 13 25  7 19  4 15 14 17 11 22 18 20 128.108006
2978  9  5  6 12 26 29  3  2 21 20 28  1 16 27 24  8 23 25  7 15 19 11  4 10 13 22 18 17 14 128.188011
2880 29  3 26  9 12  5  6 28 21  1  2 13 10 24 16  8 27 23 25  7 19 11 18 15 14 22  4 17 20 128.440028
2964 17 22 14 18  4 11 15 19 10 20 25  7 23  8 27 16 24 13 29  2  1 28 12  6 26  5  9 21  3 127.683979
2978 29  3  2  9 26 21  5  6  1 12 28 27  8 24 16 23 13  7  4 25 19 11 18 17 22 14 15 10 20 128.656040
