3067  1 10 19 14 17 22 11 15  4 18 24 16  7 25 27  8 23 13 20  6 12 28  5  9  2 26 29  3 21 128.896055
2844 15  4 18 22 17 14 11 25 16 19 27 23  7 13 12  6  1 24  8 28  2 21 26 29  9  5  3 20 10 128.600038
2894  9 26 21  2  3 29  5 12  6 28  8  1 24 23  7 25 16 19 10 27 13 15 22 14 17 18  4 11 20 128.296018
2915  4 18 14 22 17 11 10 16 19 20 15 25  7 23 13 27  8 24 28  1  6  5 12  9 21 29 26  3  2 134.900430
2966 18 11 17 22 14  4 19 27 16 10 15 20 13 25  7 23 24 28  1  8  6 21  5 12  9 26  3 29  2 128.144009
2917 20 10  7 14 17 18 22 15  4 19 11 25 16 23 13 28  8  1 27 24 21  6 12  5 26  9 29  3  2 128.036001
2960 11 22 17 14 18 10  4 15 20 13 19 23  7 25 16 24  8 27 28 29  6 12  9  1 21  5 26  3  2 127.879992
2959 10  4 15 17 22 14 18 19 11 25  7 16 23 27 13  8 28 24  2  9 12  1  5  6 21 20 26  3 29 129.192073
3067 14 17 18 22 11 15 13 16  4 19 25  7 10 27  8 23 24 21 28  1  6 26 29  3  2 20 12  9  5 130.824175
2972 20  3  5 29  9  2 21 26 12  6 28  1  8 27 23 13 24 16 25  7 17 19 14 11 22 18 15  4 10 128.396025
2760 20  2 29  3 26  9 28 12 21  5  6 27 24  1 13  8 23  7 16 19 25  4 18 17 22 14 11 15 10 127.283954
2906 10 19 20 18 17 22 14 11 15  7 25 13 16  4  8 24 23 27  1 28 12  6  5  9 29  3  2 26 21 128.664040
2903  3 29 26 12  5  2 21 20 13  6 28  1  9  8 24 23 27 16  7 25 19 15 14 11 17 22 18  4 10 129.344084
2880  4 17 18 14 22 11 15 25  7 10 13 19 16 27 23 28  1  8 24 12  6 20 21 26 29  3  5  9  2 128.420026
2873  2  3 29 26  5  6  9 21  1 12 28 24  8 23 27 19 13 16 10 15  4 14 11 25  7 22 18 17 20 127.319957
2975 26  9  2  3 29  5 12  6 21  8 24  1 28 27 23 16  7 25 19  4 11 10 13 20 15 14 18 17 22 127.543971
2898  5  9  6 12 26  3 29  2 13 21  1 24  8 28 23 27 19 16  7 25 10 20 11 14 17 22 15 18  4 127.155947
2994 11 18 22 17 14 15 10  4 19 13 27 25  7 23  8 24 16  1  2  5  6 12 28 26  3  9 29 21 20 130.072129
2869 20 10 22 14 15 17 18 19  7 25 11  4 16 23  8 27 24  1  6 28  9 12  5 13 29  3 26 21  2 128.524032
2967  3 29 26  5 21  6  9 12 28  1  2 27 24 16 13 19  8 23  7 25 15 11 14 10 20  4 18 22 17 127.151946
2847  2 21 29  3 26  9  1  5 28  6 12 24 27  8 16  7 23 25 19  4 20 15 11 22 18 14 17 10 13 129.708106
2797 20  4 17 14 18 22 11 15  7 25 19 16 10 13 24 27 23  8  1  5 21 28  2 26  9 12  6 29  3 127.783986
2936 29  3 26  5  6 21  9 12 13  2 20 28  1 24 23  8 27 25  7 16 15 19  4 11 22 14 18 17 10 128.808050
2935 15 22 18 17 14  4 11 25 16 19  7 23 27  8 24 13 20  2 12  1  6 28 29 26  9  3  5 21 10 128.196011
2916  2  3 29 26  9 12  6  5 21 28 13 23  1 24 27  8 16 25  7 14 19 20 10  4 11 22 17 15 18 130.508157
