2643 28  1  6  9  5 12 26 29  2 21  3 20 10  4 11 13 22 17 18 14 15 19 25  7 23 16 24 27  8 132.368272
2623 28  9 12  6  5 26 29  2  3 20 21 13 10 11  4 15 14 17 22 18 19  7 25 16 24  8 27 23  1 129.020062
2581  4 19 22 17 18 14 15 10 13 11  7 25 16 23 27  8 24  1 12  6 28  9 26  3 29  5  2 21 20 128.372024
2686 20 10  4 22 17 18 14 15 11 25 19 16 24 13 27 23  7  8  6 21  5  1 28 12  9  3 29 26  2 127.427963
2665 10 17 18  4 15 14 22 11 19 25  7 23 27 16 21 24  1 28  8  6 12 13  5  9 26 29  3  2 20 127.523969
2660 20  2 29  3  5 26  9 28 12  6 21 13 24 27  1 23  8 16  7 25 19  4 11 15 17 22 14 18 10 127.315956
2779 10 15 11 14 17 22 18  4 19 13 21 25  7 24 16 23 27  8 12 28  6  9  5 26 29  3  2  1 20 127.191949
2666  1 28  6 12 24 13 23  7 27  8 16 25 11 10  4 15 18 17 14 22 19 20  2  3 29 26  9  5 21 127.311957
2639  2 29  3 26  9  5  6  1 21 12 28 24  8 16 27 23 13 15  7 25 17 14 18 22 11 19  4 10 20 128.968060
2566  7 23 27  8 16 28  1 24 21 12  6  5  9 29  3 26  2 13 20 10 14 18 15 11 22 17  4 19 25 127.995999
