2776  2 26  3 29 20 21  1  6 12  9  5 28 16 27 24  8 13 23 19 25  7  4 15 11 22 14 17 18 10 132.052252
2950  2 29  3  5 26  9  6 12  1 21 16 24 23 28  8 13 27  7 25 11 15 19 20 10 22 14 18 17  4 129.988124
2995 20 21  6  9  3 29 26  5 12  2  1 28 27 24  8 23 13 10 18 19  7 25 11 16  4 14 22 17 15 130.108132
2785 13 14 11 22 17 18 10  4 19 15  7 25 16 23 27 24  8  1 28  6 20  2 21 26 29  3  9 12  5 133.900368
2919 20 10 18 17  4 15  7 19 11 14 22 27 16 25 13 23  8 24  1 28 12  6  5  3 29 26  9  2 21 129.044065
3044  2 20 21 26 29  3  6  5  9 12 28 27 24 23  7  8  1 13 10 16 25 11 17 15 19 18 22 14  4 129.604100
2961 10  4 14 17 22 11 18 25 15 13 19 16 27  7 23  8 24  1  6 28 20  2 21  9  5 12 26 29  3 133.028314
2976 21 29  3  5 26  9  6 12  8  2 28  1 23 27 16 19 13 24  7 25 14 17 22 11 18 15 20 10  4 128.184011
3035 21 29 26  2  3 12  6  5  9  1 28  8 27 16 24 20 10 13 23 25  7  4 18 15 19 14 17 22 11 129.328083
3012  6  3 29  5  9 12  1 26  2 21 28  8 23  7 25 16  4 20 10 24 13 27 19 15 11 22 17 14 18 128.636039
