3003 11 22 14 17 15 13 10 19  4 18 16  7 25 23 27  8  1 24 28  6  5  9 12 26 29 21 20  3  2 129.368085
2823 21  5  9 26  3 29  2 13 28  8  1 23  6 12 24 27 19 16 25  7 11 15 14 22 18 17  4 10 20 126.883930
2941 26 29  3  9 12 21  2  5 28  6  1 23  8 27 24  7 25 16 13 10 20  4 17 22 18 15 19 11 14 131.536221
2883 15 18 22 17 14 11 25  7 19 10  4 16 13 24 27 23  8  6  1 21 28  5 26  9 12 29  2  3 20 129.128070
2904  2  3 29 26  9  6 12 21  5 28  1  8 23 13 24 16 27 25 11 10 19  7 17 18 15 14 22  4 20 127.423963
3054  4 15 18 14 17 22 11 19 16  8 27 23 25  7 13 20 24 10  6  1 21  9 12 28  5 26  2 29  3 129.824114
2976 11 14 17 22 15 18 13 20  4 25  7 19 10 16 23 24 27  8  1 21 28  6  9 26 12  5  3 29  2 127.131945
2885 17 11 14 18 22 15  4 20 10 19 25  7 23 13 16 27  8 24  1 28 29 21  2 26  3  5  9 12  6 127.067941
2929  2  1 20  5  9 12 21 29  3 26  6 28 13 16 23 27  8 24 10 25  7 11 22 17 18 14 19 15  4 127.503969
2931  2  5 12  6  9 26 29  3 21  1  8 24 28 13 10 27 23  7 25 16 20 19 22 11 17 14 15 18  4 127.287954
2949 24 16 27  8  7 23 25 15 22 17 14 19 11  4 18 20 10 13  2  1 28  6 12 21 29  3  9 26  5 130.136133
2950 20 26 21 13 29  3  2  6 12  9  5 28  1 23 24 27  8 25  7 19 16 17 18 14 22 15 11  4 10 129.692106
2865 23 25  7  8 27 16 24 13  4 11 15 22 14 17 18 19 21 20 10  1 29  3  2 26  9  5  6 12 28 128.124007
2993  5  9 26 29  3  2  6 21  1 12 28  8 27  7 13 16 24 23 25 19 15 22 11 10 20  4 14 18 17 131.660229
2914 15 18 17 11 22 14 16  4 19 13 10  7 25 23  8 24 28 27  1 21  9 12  6  5  3 26 29  2 20 130.656165
2956 20 29  3 26  9  5  2 12 28  1  6 13 21  8 27 24 23 16  4 19 10  7 25 11 15 14 18 22 17 128.452028
2845 10 18 17 14 22 15 11 25 19  4 13 16 27  7 23 24  1 21  8 12 28  6  5 26  2  9 29  3 20 128.968060
2957 20  3 29  2  6 26  9 12 21 28  5  1  8 27 23 24 16 25 19  7 10 13 11 15 18 14 17 22  4 128.132008
3030  5  2 26 29  3  6 12  9 28  1 20 21 24  8 27 25 16 23  7 19  4 13 11 22 15 14 17 18 10 128.676042
2836  2  9 26 29  3 21  1 12  6  5 28 27  8 24 16 13 19  7 23 25 15 20  4 14 17 18 22 11 10 129.268079
2917  2  3 26  6 21 29  5  9 12 24 28  1  8 27 23  7 19 13 16 25 15 20 14 17 22 11 18  4 10 128.924057
2937  9 12  6 28  1 24 23 27  8  7 19 13 20  4 10 25 16 14 15 17 22 11 18  3 29  2 21  5 26 129.728107
3044  2 26 29  3  1 21  5 12  9 28  6  8 27 24 19 10 20 13 16 23 25 22 14 17 18  4  7 11 15 129.892118
2911 10 11  4 18 22 17 14 15 20 13 23  7 25 19 16 27 24  8  1 28  5  3  2 12 21 29 26  9  6 128.660041
3059 14 18 17 22 15 25 11  7  4 10 19 23 27 24 16 13 20 21  8 28  1  9  5 12  6  2  3 29 26 128.360021
