2913 29  3  5  9 12  2 26 21  6 28  1  8 27 24 23 16 13 19 20 10 25  7 15 18 11 22 14 17  4 130.552159
2869  4 11 22 17 15 18 14 25  7 19 10 13 16 21 27 24  8 23  1 28 12  6  2 26  5  9 29  3 20 131.108193
2891  2  3 29 26  9  5 12  6 21 23  7 24 27  8 28  1 16 25  4 13 10 19 18 17 15 11 14 22 20 129.432090
2816 10  4 17 14 18 22 11 15 20 25  7 27 23 16 24  8 13 19 28  1 21  6 12  9  5 26  2  3 29 129.776110
2847 20 29  9 26  3  2 21 12  6  5 28  1  8 27 24 16 25  7 23  4 13 10 14 18 17 15 11 22 19 128.212013
2937  9 26 29  3  5  6 12 21  2 20 13  1 27  8 28 10 15 16 24 23  7 25 19 14 11 22 18 17  4 128.804049
3038 29  2  3  5 26  9 12  8  1  6 21 24 13 10 28 27 19 16 23  7 25 18 17 22 14 11  4 15 20 128.520032
2927 29  3 26  2 21 12  9  5  6 28  8  1 13 10 27 24 23 16  7 15 19 25  4 17 14 11 22 18 20 128.640039
2892 15 11 22 17 14 18  4 19  7 25 23 27  8 13 24 16 20 10  1 28 29  3  2  9 12 26  5  6 21 127.835990
3014 15 22 17 14 18 19 10  4 11  7 25 28 16 23 27 24  8 12  6  9  5  1 29 26  3 20 21  2 13 129.644102
