2937 14 18 22 17 25 19 16 15  4 11 20 10  7 23  8 27 24 13  2  1 28 21 12  6  5  9 26  3 29 130.356147
3007 17 18 22 14 15 11 25  7  4 19 27 24 13 16 23  8  1 12 28  2 21 29 26  3 20 10  6  5  9 128.820051
3020  4 18 22 14 17 19 15 10 16 27  7 11 25 23  8 24 21 28  1  6  5  2 13 12  9 29 26  3 20 130.756172
2961 29  3 26  5  9  6 12  1 21  2 28  8 27 24 13 20 23  7 19 25 16 18 14 17 10  4 11 22 15 129.512094
2897 20 21 26  9  5  3 29  2 12  1  6 28 27  8 23 13 24 16 25  7 19 10  4 11 22 18 17 15 14 129.344084
2790 21 28  5  9 12  6  1 29  3 26  2  8 27 23  7 25 16 24 13 15 19 11 22  4 17 18 14 10 20 130.000124
2948 21  2 26  3 29  1  5 28 12  9  6 24 16 27  8 23 25  7 19 10 15 17 22  4 11 14 18 20 13 128.780049
2934 13 10 11  4 19 15 17 22 14 18  7 25 24 16 27 23  8  1 21 20  2 29  5  6 28  9 12 26  3 130.868179
2723  3 29 26  5 12  6  9  1 28  2 21 16  8 23 24 27 11 25  7 19 13  4 15 18 17 22 14 10 20 129.064066
2963 26  5  2 29  3  9  6 28  1 12 20 21 24 16 27  8 13 10 19 15 23  7 25 11 22 17 14 18  4 131.980249
2933 20 12  5 26 29  3  2  6  9 21 13  8  1 24 28 27 23  7 25 16 19  4 14 11 18 15 22 17 10 129.144070
2919  4 10 20 18 14 17 15 11 22 19 25  7 16 23 27 24  8 28  1 21 13  9 12  6  3  5  2 26 29 130.100131
3014 23  8 24 16 27  9 28 12  6  5  1 21 20 26 29  3  2 13 19 10 11 14 17 18 15  4 22 25  7 128.824051
2975 10 20 29  5 21  9 26  3  2 12  6 28  8  1 24 27 25  7 23 16 13 14 15 11 19 22 17  4 18 127.727982
2978 12  9 21 28  3 26 29  2  5  6 24  1  8 13 27 23 16  7 25 11 22 19 14 17 18 15  4 10 20 127.399963
2958  3 29  1  2 21  5  6 12  9 26 28  8 27 24 25  7 23 13 16 19 20 10 15  4 11 17 22 18 14 128.492030
2923 18 14 17 22 11 15  4 19 10  7 25 23 16 13 21 24 27  8  1 28  6 20  2 12 26  9  5  3 29 128.480030
2965 29  3  5 26  9  1 21 12  6  2 13 24  8 23 16 28 27 25  7  4 10 19 11 22 14 18 17 15 20 128.704043
3051 10  4 22 11 15 14 17 18  7 19 13 21 24 27 16  1  8 23 25  6  9 12 28  2  5 26  3 29 20 128.208013
2949 20 18 17 22 11 19 25 14 10  4 15 13 16  7 23 24 27 28  8 12  1  6  5  9 26 21 29  3  2 127.863991
2912 11 20 10 15 18  4 14 17 22 19 13 25  7 23 16  1 24 27  8 28 12  5 21  2  3 29 26  9  6 128.620039
2765  4 18 17 22 11 14 15 23  7 25 19 16 13 24 27  8 28  1 12  6 10  2  9  5 26 21  3 29 20 127.987998
2941  5 26  3 29  9  6  2 28  8 24  1 21 12 20 10  4 13 16 27 23  7 25 11 17 15 19 14 22 18 128.948059
2930  6  9 26 29  3  5 21 12  1 28 24  2 16 27 13  8 23  7 25 19 15 22 14 11  4 18 17 10 20 128.072004
3037 11 17 22 18 14  4 15 10  7 19 25 16 21 13 23  8 27 24  1  5 28  6 12 26  9 29  3  2 20 127.403963
