2591 12  6  2 20 10 13 24  8 27  7 25 11 22 17 18 14  4 15 19 23 16 21  5  9 29  3 26  1 28 23.621477
2374 23  7 25  4 10 20 13 24  8 27 16 19 11 22 14 17 18 15  2 29  3 26 21  5  9 12  6 28  1 23.733483
2266 10 21  2  3 29 26  5  9  6 12 28  1  8 24 23 27 16 13 20  4 15 19 25  7 11 22 14 17 18 23.713483
2117 25  7 23 24 13 16 27  8 28  1 21  6 12  9  5 26 29  3  2 20 10  4 18 17 14 22 11 15 19 23.485467
2555 28  9 12  6 27 23  7 25 16 13  4 15 19 11 14 17 22 18 20 10 29  3 26  5 21  2  1 24  8 23.781486
2430  8 27 16 19 29  3 26  5  9 12  6  1 28 24 13 21  2 20 10 18 17 14 22 11 15  4 25  7 23 23.701482
2117 23 16 27 24  8 28  1 21  6 12  9  5 26  3 29  2 13 10 20  4 15 18 14 17 22 11 19 25  7 23.581474
2299 18 17 14 22 11  7 25 19  4 10 20 13 16 24 27 23  8 28  1 21  2  3 29 26  5  9 12  6 15 23.577474
2428 21  1 24 16 27 23  7 22 14 17 18 15  4 20 10 13 19 11 25  8 28  6 12  5  9 26 29  3  2 23.657478
2495 22 14 18 15  4 20  2 21  8  1 28  5 26 29  3  9 12  6 24 27 23 16 13 10 19  7 25 11 17 23.789487
