2433 16 19 25 11 22 17 14 18 15  4 10 20  3 29 24 27  7 23  8  1 28  6 12  9 26  5 21  2 13 25.137570
2375 13 10  4 15 19 16 23 28  1 21  2  3 29 26  5  9 12  6 20 18 14 17 22 11 25  7 27  8 24 23.525470
2277 13 19 25  7 11 15 14 22 17 18  4 20 10 16 24 27 23  8 28  1 21  6 12  9  5 26 29  3  2 23.421464
2325 12  6 21  3 29  2 20 13 16 24  8 27 23  7 25 19 11 22 17 14 18 15  4 10  1 28  5 26  9 23.533471
2531  8 28  1 24 16 13 17 22 14 21  3 29 26  5  9 12  6  2 20 10  4 15 18 11 19 25  7 23 27 23.581474
2501 13 20 18 14 17 22 11  4 15 19 25 16 27  8 10 21  2 29  3 26  5  9 12  6 28  1 24 23  7 23.357459
2522 17 22 14 15  2 29  3 26  5  9 12 28  1 24  8 27 23 16 13  6 21 10 20  4 11  7 25 19 18 23.969498
2230 23 27 16 24  8 28  6 12  9  5 26 29  3  2 21  1 11 22 14 17 18 15  4 10 20 13 19 25  7 23.669480
2215 11 19 25  7 23 16 27 24  8 29  3 26  5  9 12  6 28  1 21  2 13 20 10  4 15 18 17 14 22 24.789550
2420  6 12  9  5 26 29  3  2 21  1 28  8 13 19 11 22 17 18 14 15  4 10 25  7 23 27 24 16 20 23.865490
2659  8 27 16 23  7 25 19 11 15 14 22 17 12  6 28  1 24 13 18  4 10 20 21  2  3 29 26  5  9 24.233515
2206 25  7 11 15  4 14 22 17 18 10 20 21  2  3 29 26  5  9 12  6 28  1  8 24 27 23 16 13 19 23.837490
2296 16 19 11  4 15 14 22 17 18 10 20 13 24 27  8  1 28  6 12  9  5 26  3 29  2 21 23  7 25 23.777486
2242 15 18 17 22 14  4 20  2  3 29 26  5  9 12  6 21  1 28  8 23 27 24 16 13 10 19  7 25 11 24.089506
2429 29  9  5 10 15 11 22 18 17 14  4 20  2 21  1 24 13 16 19 25  7 23 27  8 28  6 12 26  3 24.005500
2529 15 16 25  7 23 27 24  8 12  9 26  3 29  2 21  5  6 28  1 11 22 17 14 18 20 10  4 13 19 23.997499
2136 19 25  7 23 27 16 13 21  2  3 29 26  5  9 12  6 28  1  8 24 10 20  4 15 18 17 22 14 11 24.113508
2235 23 27  8  1 28  6 12  9  5 26  3 29  2 21 13  4 18 14 17 22 11 15 20 10 19  7 25 16 24 24.053503
2503 16 23  8 28  6 12  9 26  5  1 24 27 13 20 21 29  3  2 10  4 19  7 25 11 22 14 17 18 15 23.969497
2162  9 26  3 29 20 10  4 18 17 14 22 11 15 19 25  7 23 27 16 13 24  8 28  1 21  2  5  6 12 23.801488
2118  7 23 27 24  8 28  1 21  2  3 29 26  5  9 12  6 13 20 10  4 15 18 14 17 22 11 19 16 25 23.853491
2629 23  8 27 18 17 22 14 10 20  2 26  9  5 12  6 28  1  3 29 21 13 24 16  4 15 11 19 25  7 24.233515
2462  6 16 19  4 15 14 22 17 18 13 24  8 27 23  7 25 11 10 20  2  3 29 26  5  9 21  1 28 12 24.333520
2330 17 22 14 11  4 19 23 27 13 10 20 21  2  3 29 26  5  9 12  6 28  1  8 24 16  7 25 15 18 23.941497
2609 24 21  5  9 12  6 28  1  8 27 23 16 13 10 19 22 17 14 18 29  3 26  2 20  4 15 11  7 25 23.949496
2711  3  5  9 12  6 28  8 27 23 25 24  1 21 26 29  2 20 10 18 17 22 14  4 15 11  7 19 16 13 23.789488
2457 25  7 23 24 10  2 21 12  6  5  9 26  3 29 20  4 15 18 17 22 14 11 13  1 28  8 27 16 19 24.345521
2208  2  1  8 28  6 12  9  5 26 29  3 20 10  4 18 17 14 22 11 15 19 25  7 23 16 27 24 13 21 24.089506
2339 17 14 22 11 15  4 10 19  7 25 16 13 21  2 29  3 26  9  5 12  6 28  1  8 23 27 24 20 18 24.085505
2266 16  1 28  6 12  2 29  3 26  9  5 21 13 10 20 18 14 17 22 11 15  4 19 25  7 23 27  8 24 24.065504
2028 13 16 27 23  7 25 19 11 22 17 14 18 15  4 10 20 21  2  3 29 26  5  9 12  6 28  1  8 24 24.013500
2038 18 17 14 22 11 19 25  7 23 16 24 27  8  1 28  6 12  9  5 26 29  3  2 21 13 10 20  4 15 24.337520
2288 18 14 22 11 19 15  4 20 10 24 21  2  3 29 26  5  9 12  6 28  1  8 27 23  7 25 16 13 17 23.933495
2248 10  4 11 22 17 14 18 15 19 25  7 23 16 24 27  8 28 21  6 12  9  5 26 29  3  2  1 13 20 23.933496
2277 29 21  6 28  1 24  8 27 23 16 19 25  7 11 22 14 17 18 15  4 10 13 20  2 12  9  5 26  3 23.881493
2780 27 23  7 25 19 11 10 16 24  1 28  3 29  2  4 15 14 22 17 18 20 13 21 12  6  9 26  5  8 23.957497
2651  2 12 28  1  8 23 27 24 16 15  4 10 13 21  6  9 26  3 29  5 19 25  7 11 22 17 14 18 20 24.845553
2210 14 17 22 11 15  4 24 27 16 25  7 23  8 28  1  6 12  9  5 26 29  3  2 21 20 10 13 19 18 24.089506
2352  6 12  9  5 26 29  2  1 28  8 24 27 23  7 25 19 16 13  4 15 18 17 14 22 11 10 20  3 21 23.893493
2429  3 26  5  9 12 20 21 28  1 24  8 27 16 23  7 25 19 11 22 17 14 18 15  4 10 13  6  2 29 23.865492
2146  6 12  9  5 26  3 29  2 21 20 18 14 17 22 11 15  4 10 13 19 25  7 23 27 16  8 24  1 28 24.037502
2141 28 21  6 12  9  5 26 29  3  2 20 10 13  4 18 17 14 22 11 15 19 25  7 23 16 27 24  8  1 23.809488
2487 22 17 18 10 19 25  7 23 27 20  2 21 28  6 12  9  5 26  3 29  1 24  8 16 13  4 15 11 14 23.949497
2599 27 23 16 19 15  4 13 24  8 10 11 22 14 17 18  7 25 20 21  2  3 29 26  5  9 12  6 28  1 24.133508
2172 28  1 21  2  3 29 26  5  9 12  6 20 10 13  4 11 22 14 17 18 15 19 16 25  7 23 27 24  8 23.845491
2292  1 13 20  2  3 29 26  5  9 12  6 28  8 21 10  4 15 11 22 14 17 18 19 25  7 23 27 16 24 23.825489
2422  7 24 10  4 19 11 22 17 14 18 15 20  2  3 29 26  5  9 12  6 28  1 21 13  8 27 23 16 25 23.845490
2547  8 16 25 19 11 22 14 17 18 15  4 10 20  3 29 26  9 12  5 21 13 24 27 23  7  2  6 28  1 23.873492
2357  5 26  9 12  6 28  8  1  2 29  3 21 24 27 23  7 25 11 22 17 14 18 15  4 19 16 13 10 20 23.889493
2738  7 25 11 13 24 21 29  2 20  4 15 18 14 22 17 10  1 28  6 12  9  5 26  3  8 23 27 16 19 23.961497
