2896  4 17 22 15 18 14 11 25 23 16 19  7  8 27 24 21 10 13 12  6 28  1  5  3 29  9 26  2 20 33.406088
2796  2  3 29  5 26 28  9 12  6 21  1 20 10 13 27  8 24 16 23  7 25 11  4 19 15 17 14 18 22 33.470092
3004  3 29 26  5  9 28 12  6  2 21 13 23  1 27 24 19 16  8 25  7 20 10  4 15 11 22 14 18 17 33.282080
3011 20 11 14 22 17  4 15 18 10 13 19  7 25 23 24 27 16  8  1  5 21  9  6 12 29  3 26  2 28 33.314082
3018 23  7 25 27 16 19 11 18 22 17 14 13 15  4 10 20 24  9 12  6 26 29  5  3  1 21  2 28  8 33.282080
3010 20  3  5 29 26  2 21  9 12  6  1 28 16 27  8 23 13 24  7 25 19 15  4 10 14 17 11 18 22 33.422088
3059 18 14 22 11 15  4 25  7 19 17 16 23 27  8 13 24 10 12 28  1 21  6  9  5  3  2 26 29 20 33.306082
3157 18 11 17 22 15  4 14 19 16 25  7 27 23 24 13 10 20 21  8  1  6 12  2 29  3  9  5 26 28 33.374086
3131 23 24  7 19 15 16 25 17 14 11 18 22  4 20 10 13  3 29  2 26  9  5 21  6 12  1 27  8 28 33.370085
2931  2 26 29  5  3 21  9 12  6  1 28 24  8 23  7 16 27 25 19 13 20 15 10  4 11 14 22 18 17 33.454091
