3467 15  4 20 10 14 18  7 25 11 22 17 28 19  8  1 24 16 13 23 27  5  2 21 29  3 26  9  6 12 34.470154
3578 27 23 28  8  7 16 13  1  6  5 26  3  9 12  2 29 21 14 19 24 10  4 18 17 22 15 25 11 20 33.138071
3329 10 20 22 17 11 14 18  7 25 19 16  4 13  2 15  8 23 27 28 24 12  5  1  6  9 29  3 26 21 33.098067
3514 18 15 17 22 11 14 16 25  7 19  4 20 13 27  8 23  5  1  3  2 21 29 26  9 10 24 12  6 28 33.346084
3345 12  9 26  3 29  2 20  5  6 28  8 21 25 27 24  1 10 16 13 23  7 11 14 18 15 19 22 17  4 33.066066
3680  7 11 14 17 15 22 19 25  4 16 10  9 20 18 29  3 21  2 26  5 28 24  1  6 12  8 23 13 27 33.062067
3491 29  2  5 28  3 26  9  6 27 24 12  8  1 23 21 10 20 15  7 25 19 11 14 22 17 18 13 16  4 33.046065
3574  3 26 29  9  5 12 28 21  2  6 27 10  4 19 20 25 11  7 23  8 13  1 15 17 22 14 18 24 16 32.894056
3537 14 18 22 17 19 15  7 25 27  4 11 20 24  2 13 16 23  8  6  9  3 26 29  1 21  5 28 12 10 32.982062
3410  9 26 21  2  3 29  1  6  5 16 23  8 28 12 24 27  7 10 13 19 25 14 18 22 17 20 11 15  4 33.046066
