2635  1 13 16 24 27 23  7 25 19  4 20 11 15 18 22 14 17 10  2 21  8 28 26  3 29  5  9 12  6 24.657541
2369 19 25  7 23 16 27  8 24 13 20 10  2 21  1 28  6 12  9 26  5  3 29  4 18 22 17 14 15 11 24.857555
2551 20  2 13 16 24 27 23  8 28  1 21  6 12  5  9 26  3 29 10  4 15 11 25 19  7 14 17 22 18 25.585598
2882 21  5 26  3 29 18 14 17 22 15 10  2 12  6  9  1 20  4 13 11 19 25  7 23 16 27  8 28 24 25.205575
2432 27  7 25 11 15  4 22 17 14 18 19 23 16 24 13 20 10 21  2  3 29 26  5  9  6 12  1 28  8 24.909557
2170  6  5 12  9 26 29  3 21  2 20 10  4 18 14 17 22 11 15 19 25  7 23 16 13 24 27  8  1 28 24.729546
2453 13 19 27  8 28  1 21  6 12  5  9 26  3 29  2 20 10 14 18 22 17 11 15  4 25  7 23 24 16 24.993562
2355 20 18 14 17 22 11 25  7 23 27  8  1 24 16 19 13 10  4 15 21 28 12  6  5  9 26  3 29  2 24.889556
2430 20  4 18 15 22 17 14 11  7 25 19 13 16 27  8  1 28  6 12  9  5 26 29  3  2 21 23 24 10 25.165573
2538  3 26 29 20 10 19 16 13  4  7 25 11 22 17 14 18 15 27 23  8 24 28  1 21  6 12  9  5  2 27.777736
2405 20 15 19 16 25 11 22 17 18 14  4 10 13  7 23  8 24 27  1 28  6 12  9  5 26  3 29 21  2 25.733608
2805 24 25 11 10  2 20 21 29  3 26  9 12  6  5 18 17 22 14  4 15 19  7 23 13 16 27  8 28  1 25.645603
2176  7 25 16 19 11 22 14 17 18  4 15 13 10 20  2 21 29  3 26  5  9 12  6 28  8  1 24 27 23 25.385586
2288 21 29  3 26  9  5 12  6  1 28 13 16 24  8 27 23  7 25 19 15 11 22 14 18 17  4 20 10  2 25.617600
2541  8 23 27  4 15 18 17 14 22 11  7 25 19 16 24 13 20 10  2 12  6  1  9  5 26 29  3 21 28 25.565599
2262  2 21  1 28  8 27 16 13 24 23 25  7 19 11 22 14 17 18 15  4 10 20  3 29 26  9  6 12  5 25.573598
2422  4 13 19  7 25 11 22 14 17 15 16 24 27 23  8  1  6 28 12  9  5 26 29  3  2 21 20 10 18 25.509595
2631 14 17 15  6 12  9 26  3 29  2  5 24 28  1  8 27 16 23  7 25 19 13 21 20 10  4 11 22 18 25.689605
2276 23 24 16 13 19 25  7 11 22 14 17 18  4 15 20 10  2  3 29 26  9  5 21 12  6 28  1  8 27 25.725608
2359 20 13 16  8 27 23  7 25 19 15  4 14 17 18 22 11 10 21  2  3 29 26  5  9 12  6 28  1 24 25.921620
2692 27 19 17 18 14 22 11  4 15 25 16 23 13 21  1 28  6 12  9  5 26 29  3  2 20 10  7 24  8 25.737609
2227 13 16 24  8 27 23  7 25 19 15 11 22 14 18 17  4 20 10  1 28  6 12  5  9 26 29  3  2 21 25.849615
2277 10 13  4 19 25  7 23 27 16 24  1  8 28  6 12  5  9 26  3 29 21  2 20 18 14 17 22 11 15 25.537596
2571 29  2  1 12 10 13 24  8 27 23  7 25 16 19 11 22 15 18 14 17  4 20 21 28  6  5  9 26  3 25.501593
2491 20 12  9  5  3 29 26  2 21 10 13  1 28  6  8 24 27 16 23  7 25 19  4 15 11 22 17 14 18 25.353585
2483 24  8  6 12  5  9 26  3 29  2 20 10 21  1 28 23  7 25 11 14 22 18 17  4 19 15 13 16 27 25.485592
2809 18 14 22 17 15 19 16 27 23  6  1 24  8 25  7 11  4 20 13 28 12  5  9 26 29  3 21  2 10 25.689606
2407  6 12 21  1 28 24 27  8 23  7 25 19 16 13 10 20  4 15 11 22 17 18 14 29  3  2 26  5  9 25.901618
2226 21  1 28  8 24 27 16 23  7 25 19 11 22 17 14 18 15  4 10 20 13  2  6 12  5  9 26  3 29 25.685606
2275 22 17 11 15 10  4 13 16 19 25  7 23 27 24  8  1 28 21  5  6 12  9 26 29  3  2 20 18 14 25.481592
2467 13  6 12 26  9  5 28  8 24  1 21 29  3  2 20 10  4 18 15 17 14 22 11 19 25  7 23 27 16 25.845615
2407  2  3 29  5 26  9 12  6 21  1 24 28  8 27 16  7 23 25 11 22 17 18 14 15  4 19 13 10 20 25.809613
2339 13 10 21  2  1  8 28 12  6  9  5 26 29  3 20  4 15 18 17 14 22 11 19 25  7 27 23 16 24 25.377586
2344  4 19 18 15 14 17 22 11  7 25 16 23 27 24 13  2 29  3 26  9  5 12  6 28  8  1 21 20 10 25.649604
2382 15 18 14 17 22 11 19 25  7 23 27  8 24 13 16  4 10 20 21  1  2 29  3 26  5  9 12  6 28 25.413587
2503  4 10 11 14 22 17 18 19 25 16  7 23  8 27 24 20  2 21 29  3 26  5  9 12  6 28  1 13 15 25.629602
2366 10  4 15 14 22 17 18 20 13 19 11 25  7 23 27 16 24  8  1 28 12  9 21  6  5 26  3 29  2 25.297580
2584  2 29  3 26  9  6 12  1 28 21 13  8 23  7 25 11 22 14 17 18  4 15 19 16 27 24 10  5 20 25.429590
2540 18 14 22 17 13 21  1 12  6  5  9 29 26  3  2 20 10 28 24  8 27 16 23  7 25 11 19  4 15 25.581599
2382 23  7 11 22 14 18 17 19 15  4 25 16 13 20 10  2 21 29  3 26  9  5 12  6 28  1 24  8 27 25.589599
2323 26  3 29 21  2  1 28  8 24 23 27 13 16 19 25  7 11 22 14 17 18 15  4 20 10  6 12  9  5 25.765610
2412 11 22 14 17 18 15  4 19 27 16 10 20  2 29  3 26  9  6  5 12  1 28 21 13 24  8 23  7 25 25.741610
2457 21  5  2 20  4 13 24  8 28  1 27 16 23  7 25 19 15 11 22 14 17 18 10  6 12  9 26  3 29 25.425588
2448  4 10 20 15 18 17 14 22 11 24 16  8 13 21  2  3 29 26  5  9 12  6 28  1 23 27  7 25 19 25.333583
2436 25  7 23 16 28  6 12  9  5 26 29  3  2 20 21  1  8 27 24 13  4 10 15 19 11 18 17 14 22 25.405587
2215 23  8 28  1 12  6 21  5  9 26  3 29  2 20 13 10  4 15 18 17 22 14 11  7 25 19 16 24 27 25.461591
2434 17 18 20 13  1 21 29  2  3 26  5 12  9  6 28  8 24 16 27 23  7 25 19 10  4 15 11 22 14 25.541596
2137 23  8 24  1 28  6 12  9  5 26 29  3  2 21 20 13 10  4 15 17 18 14 22 11 25  7 19 16 27 25.341584
2542 13 16 27  8 24  1 28  6 21  2  3  5 26 29  9 12 20 10 19 23  7 25 11 17 22 14 18 15  4 25.537596
2335  4 19  7 25 11 15 14 22 17 18 20 10 13 16 23 27  8  1 24 28 12  6  5  9 26  3 29  2 21 25.341583
