2621 28  9 12  1 24 20 19 25 11 22 17 14 18 15  4 10  6  5 26 29  3  2 21 13 16  7 23 27  8 22.377399
2571 18 15 19 23 27  8 28  1 24 13 10 20 21  2  3 29 26  5  9 12  6 17 14 22 11  7 25 16  4 22.349396
2267 16 19 13 10 20  4 15 18 17 14 22 11 25  7 21  2 29  3 26  5  9  6 12 28  1 24  8 27 23 23.069443
2615 16 23  8 12  5 21  2 13 19 25  7 27 24 10  4 15 11 22 14 17 18 20 29  3 26  9  6 28  1 23.557472
2310  8 27 19 15  4 18 17 14 22 11 25  7 23 16 13 24 28 21 10 20  2  3 29 26  5  9 12  6  1 22.761422
2348  5 12  9 29  3  2 20 10  4 11 22 14 17 18 15 19 13 21 24 16 25  7 23 27  8  1 28  6 26 22.961435
2240  2 21  1  8 28  6 12  9  5 26 29  3 24 16 27 23  7 25 19 18 17 14 22 11 15  4 13 10 20 22.773423
2542 21 27 23 13  2  3 29 20  4 18 14 17 22 11 15 10 19  7 25 16 24  8  1 28  6 12  9 26  5 22.529408
2364 24  8 27 23  7 25 16 19  4 20  2 26  3 29 18 17 14 22 11 15 10 13 21  5  9 12  6 28  1 23.125445
2483 20 21  3 26  5  9 12  6 28  1 19 25  7 23 27  8 24 16 13  2 29 10  4 15 11 22 17 14 18 22.805426
