2615 17 14  4  2 21  1 28  6 12  9 26  5 24  8 27 23 16 13 10 20  3 29 15 19 25  7 11 22 18 22.765422
2340 22 11 25  7 23 27 24 13 10 15 18 17 20 21  2  3 29 26  5  9 12  6 28  1  8 16 19  4 14 22.733421
2677 13  2  5  6  9 26 29  3 21 12 28  8 24 18 17 22 14 25  7 23 27 16 19 11 15  4 10 20  1 22.565410
2444 10 21  3 29 26  9 12  6 28  1  8 24 13 16 27 23  7 25 11 22 14 17 18 20  2  5 19 15  4 22.621415
2646  5  9 28  1 24  8 27 16 13  4 26 29  3  2 21  6 12 23  7 25 19 15 11 22 14 17 18 10 20 22.441402
2405 15 14 22 17 18 20 21  1  8 28  6 12  9  5 26 29  3  2 10 13 24 16 11 25  7 23 27 19  4 22.237390
2832 23 16 19  4 15 18 17 14 22 11  5  9 29  2  1 28  6 12 26  3 20 10  7 25 13 21 24  8 27 22.373398
2524  7 23 27  8  6  5  2 13  4 15 19 25 11 22 14 17 18 10 20  3 29 26  9 12 28  1 21 24 16 22.705419
2454 12  9 26  3 29 15 19 23  7 25 11 22 14 17 18  4 20 10 13 16 24 27  8  1 28  6 21  2  5 22.397400
2439  9 26 29  3 20  2  5 12  6 28  1  8 24 13 19 16 27 23  7 25  4 15 18 17 14 22 11 10 21 22.133383
2299 15 10 20  2 21  1 28  6 12  9  5 26  3 29 18 17 14 22 11 19  4 13 16 24  8 27 23  7 25 22.897431
2936 18 12  1  8 27 24 21  2 16  7 23 28  3 29 26  5  9  6 13 20 10  4 15 19 25 11 22 14 17 22.917432
2696 20 10  4 17 18 15 19 23  8  1 28  6 21 14 22 11  7 25 16 27 24 13  2  5 12  9 26 29  3 22.869429
2556 27 24 16 19 10 20  4 15 11 22 17 18 14 25  7  3 29 26  5  9 12  6 21  2 13  1 28  8 23 22.557411
2086 21  2  3 29 26  5  9 12  6 28  1  8 24 16 27 23  7 25 19  4 15 11 22 14 17 18 20 10 13 22.669416
2412 15 18 17 14 22 11 25  7 23  8  1 24 13 19  4 10 20  2  6 12  9 26 29  3  5 21 28 27 16 22.705420
2931 24 27 19  4 18 14 17 22 11  7 13 10  9  6 12  3 29 26  5 21  1  2 20 15 25 16 23  8 28 22.681417
2745 28  6 12  9 13 16 19  4 15 11  7 27  1  5 26 29  3  2 21 20 10 18 17 22 14 25 23  8 24 22.881430
2358 18 19  4 10 20 13 16 24  8 27 23  7 25 21  1 28  6 12  9  5 26 29  3  2 15 11 22 14 17 22.533408
2559 20 10  4 15 19  7 11 22 17 18 14 25 16 23  8 29  3 26  5  9 12  6 28  1 21  2 24 27 13 22.637414
2451 10 20  2 29  3 26 21  1  8 28  6 12  9  5 24 27 16 18 17 14 22 11 25  7 23 13 19 15  4 22.749422
2550 10  8  6  5 26  9 12 28  1 24 27 23 16 13 21 29  3  2 20  4 19 25  7 11 22 14 17 18 15 22.489405
2389 14 17 18 15 25  4 10 20  2 21  5  3 29 26  9 12  6 13 19 16 24  1 28  8 27 23  7 11 22 22.637415
2615  1 24 27 16 13 11 22 14 17 18 15 10 20  2  3  9 21  8 23  7 25 19  4 29 26  5 12  6 28 22.393400
2275 27 23  7 25 19 15 10 13 24  1 28  6 12  9  5 26 29  3  2 21 20 18 17 14 22 11  4 16  8 22.713419
2503  5 12 28 13 20  4 18 17 14 22 11 15 19 25  7 23 27  8 24 16 10 21  1  6  9  2  3 29 26 22.845427
2556  3 21  4 15 18 17 14 22 11  1 28 12  2 20 10 13 19 25  7 23 27 16 24  8  6  9  5 26 29 22.593413
2383 10 18 17 14 22 15 11 25  7 19  4 20  2 13 16 23 27  8 24  1 28 12  6  9  5 26  3 29 21 22.577411
2609 19 11 22 14 17 18 15  4 20 10 13  6 12  5 29  3  2 27 23  7 25 16 24  8  1 28  9 26 21 22.485405
3086 11  4 16 24  8 28 26 29  3 20 27 23  7 22 14 18  2  5  9 12  6  1 21 10 13 19 25 15 17 22.657417
2631 14 22 17  2 26  3 29 18 15 11 19 16 25  7 23  8 28  6 12  9  5 21  1 24 27 13 20 10  4 22.857427
2570 15 11 22 17 14  4 13 20  3 29 26  5  9  6 16 19 25  7 23 27  8 24  1 28 12 21  2 10 18 22.553411
2435  4 18 17 22 14 15 11 19  7 25 16 10 20  3 29 26  2 13 21  5  9 12  6 28  1  8 23 27 24 22.805424
2365  2 29  5  1 28  6 12  9 26  3 21  8 27 23  7 25 11 22 14 17 18 15 19 16 24 13  4 10 20 22.453403
2400 18  4 10 20 13  8 19 25  7 23 24 21  2  3 29 26  5  9 12  6 28  1 27 16 15 11 22 14 17 22.701419
2484  9  2 20 10 13 24  1 28  6 12  4 15 11 22 14 17 18 19 16 25  7 23 27  8 21  5  3 29 26 22.913432
2628  6  5 26 29  3  2 18 17 22 14 21 12 28  1  8 24 16 27 23  7 25 19 11 15  4 10 20 13  9 22.889431
2515 24  8 12  9  5  6 28  1 20 10 18 17 14 22 11 15  4 19 13  2  3 29 26 21 27 23  7 25 16 22.609414
3075 27  7 25 22 17  4 16 24  5 26  9 12  6 15 18 14 11 19 13 23  8 28  1 21 29  3  2 20 10 22.553409
2446  7 11 15 20 10 27 28  6 12  9  5 26 29  3  2 21  1 24  8 23 16 13  4 18 17 22 14 19 25 22.761423
2415  3  9  5 21 10  6 12 28  1 24  8 27 23  7 25 16 19 15 11 22 14 17 18  4 13 20  2 26 29 22.957434
2287 22 17 18 25  7 19 10 13 16 24 27 23  8 28  1 21  6 12  9  5 26 29  3  2 20  4 15 11 14 23.009439
2833 27  8 28 21  4 15 19 11 22 14 17 18 29  9 12  6  5 26  3  2  1 25  7 10 20 13 24 16 23 22.997438
2419  4 19 25 16 27 23  7 11 22 14 17 18 15 10 20  3 29 26 21 13 24  8  1 28  6 12  9  5  2 22.857428
2474  2  6 12 28  1 21  5  9 26 10 15 18 17 14 22 11  4 19 25  7 23 27  8 24 16 13 20  3 29 22.749422
2263 23 27 24 16 13 21  2 20 10  4 19 25  7 11 22 14 17 18 15 29  3 26  5  9 12  6 28  1  8 22.693418
2658 20 13 17 22 15 19 25  7 23 27 16 11 14 18  4 10  2 29 26  9 12  6 28  8 24  1 21  5  3 23.013439
2536 19  4 15 14 22 17 18 20 21 12  9  5 26 29  3  2 10 11 13  6 28  1 24  8 27 23  7 25 16 22.697418
2443 23  7 11 15 14 22 17 18  4 10 19 25 16 27  8 20  2  3 29 26  5  9 12  6 28  1 21 13 24 22.397400
2441 27 23  7 25 19 13 16  8 28  1 21  2 15 11 22 14 17 18  4 10 20  6 12  9  5 26 29  3 24 22.929433
