2449  1 28 12  6  9 26 29  3 21  5  2 20 10 13  4 18 22 14 17 11 25 19 15 16  7 23  8 27 24 25.909619
2717 17 22 14 18 15  4 11 25  7 19 20 13 16 24 27 23  8 10 21  1  6 28 12  9 26  5 29  3  2 26.037627
2908 22 17 18 14 15 19 16 28  1 12  6  5  3  9 21 26 29 20  2  4 13 10 23 27 24  8  7 25 11 25.869617
2606 27 23  8 24  1 16 28 21  5  6 12  9 26  3 29  2 13 20 10 19 15  4 17 18 22 14 11  7 25 25.809614
2468  4 10 20 13  2  3 29 21 26  9 12  5  6 28  1 27  8 24 16 23 25  7 19 11 22 18 14 17 15 25.817614
2743  7 20 21  2  3 29  5 26  9  6 12  1 28  8 24 27 23 16 25 19 10 13  4 15 18 22 14 11 17 25.769610
2795 25 19 16 13  8 27 24 23  1 28 12  6  9 21 26 29  3  5  2 20  4 10  7 11 18 14 17 22 15 25.897618
2628  2 21  3 29  5 26  9 12  1 28  6  8 24 16 27 23 13  4 20 10 25  7 19 11 22 17 14 18 15 26.197637
2729 11 17 14 22 18 15 10 20  3 29  2  6 26  5 12  9  1 21 28  8 24 27 13  4 25  7 23 16 19 27.069692
2799 15 25 11  7 16 13 10  4 19 27 23  8  5 24  1 28 12  6  9 26 29  3 21  2 20 17 22 14 18 25.861617
