3446  3 29  2 21  9 28 12 24 13 26  5  1  6  8 19 25 16  4 27  7 23 15 11 22 17 18 14 20 10 43.346710
3686 23  7 19 27 16  4 10 18 17 15 22 14 20  3  5 13 24  8 25 21  6 28  1 12  9  2 26 29 11 43.290706
3491  3 29 26 21  9 12  6  5  2 27 20 24  1 28  8 13 23 16 19 10 18 11 25  7  4 17 14 15 22 44.158759
3458  8  6 12  3  2  9 29 26  5 21 24 27  1 28 23 13  4 15 20 14 18 22 17  7 25 10 16 19 11 43.438715
3372  3  5  6  1 28 12  8 21  2 26 29  9  4 10 20 13 16 24 27 25 11 19  7 23 14 22 15 18 17 43.654728
3458 13  1 21  8 27 28  9 26 29  2  3  5 12  6 20  7 19 24 23  4 15 10 16 11 14 22 18 17 25 43.262704
3333 10 25  4 17 18 22 11 15 14  8  7 19 16 27 24 13 23  2  5  6 28  1 26 29  3  9 12 21 20 43.454716
3373  8  1  9 12 28  5  3 26 29  2 21  6 27 24 10 13 11 15 20  7 19 25 23 16 14 18 22 17  4 43.710732
3277  1 13  2 29 26  5  3 28  6 21  9 12  8 27 24 25 16 23 15 18 10 20  4 22 17 14 11  7 19 43.342708
3517 13 10 25 11 14  4 18 17 22 20 19  7 16 27 15 21 23 24  1 28  2  5 26 29  3 12  6  9  8 43.610726
3309 10 17 18 22 25 14 11 23  7  4 15 19 16 27  1  8 24 13 20 12 28  6  5 29  2 21  9 26  3 44.486780
3421 15 18  4 25 11 22 14 17  7 27 13 19 23 24 10 20  2  1 28 16  8  3 21  6  5 12  9 26 29 44.306769
3258 13 25 11 19 17  4 22 14 18 15 10 20 27 23  7  8 16 24  6 21 12 28  2 29  3  5 26  9  1 44.590787
3404  3 26  2  9  5 29 20 21 28 13  6 12  8 24 16  1 15 10  4 14 18 17 22 19 11  7 25 23 27 44.470779
3322  3 26 12  9 21  2 29  5  6 28 23 16 27 20  1 24  8  7 25 15 14 17 11 19  4 13 10 22 18 44.882805
3092 25 15 18 14 22 17 11  4 19  7 23 20 10 16 27 24  3 29 26  9  6 12 21  5  1 13  2 28  8 45.378836
3347 26  3  5 29 21 12  2  6  9 28  1 24  8 13 27  7 23 16 25  4 20 10 22 11 19 18 14 17 15 44.510781
3342 12  8 28  1  6 24 21  3 29  2 26  9  5 20 27 23 16 13 10  4 19 15 25 14 18 22 17 11  7 44.514782
3265  2 28 12  5  6 29 26  3 27  8  1  9 21 24 13 23 16 19 15 25  7 14 11 17 22 18  4 20 10 44.538783
3421 21 29  2  3 26  5  6  9 12 10 24 28  1  8 16 23 20 27 13 25  7  4 15 17 11 18 22 14 19 44.478780
3289  1  2 26  3 21 12 28  6  9  5 29 10 27 23 16 13  4 11 15 17 14 19 20 22 18 25  7 24  8 44.358773
3280 28  1  6 26  2  3 29 21 12  9  5 20 13  8 24 27 23  7 10 11 19 25 16 15 17  4 18 14 22 44.890805
3317  2 21  9 26  3 29  1 28  6 12 20  5 10 13 27  8 24 19 16 23 17 22 14 15  7 25  4 18 11 45.514845
3084 13 17 14 22  4 11 15 19 18 20  7 25 16  8 27 23 24 10  2 21  5  9  6 12 28 29  3 26  1 44.922807
3460  5 26 23 28  1  3 29  6 12  9 21  2  8 24 19  7 27 13 10 11 14 17 18 22 25 16 15  4 20 44.554786
3331  3  5  6 26  2 29  9 20 21 12 28  1 24  8 16 25 15 13  4  7 27 23 19 11 22 18 14 17 10 44.434777
3458 10 15 18 17 14 22 19 11  7 25  4 27 23 16  8  2 26  1 29 20 24 21 13 28  6 12  5  9  3 44.522782
3343 15 11 14 17 22 18  4 10 20 13 25 19  7 23  2  5 29  3  6 16  1 21 24 28 26  9 12  8 27 45.530846
3489  9 29  3 26  6  5  1 12 24 16 27 28  8 20  7 23 21 10  4 11 19 25 13 22 14 17 18 15  2 45.798863
3266 10 15 18 14 22  7 25 17 11 19 13 24 16 23 27  8  4 20  2 28 21 12  6 26  1  3 29  5  9 44.718795
3330 14 18 17 22 10 25 11  4 15 19 23  7 27 16 13 24  8  1 21  6 28 12  2 20 29  5  3  9 26 44.674791
3280 20  3  5 26  9 29  2 13 21  6 12 24 28 16 10 27  1  8 23  7 11 22 14  4 18 17 15 19 25 44.874805
3345 18 14 22 17 10  7 25 15 19  4 11 16 13 20 23  8 27 24 28  5  9 21  1 29 26  6 12  2  3 44.550784
3375 20 29 26  9  6 12  3 21  1 24  5 28 27  8 16 10  2 19 15 17 13 23  7 25 18 14 22 11  4 44.854803
3203 18 15 11 17 22 14 13  4 10 19 25  7 24 23 27 16  8 28 12  1  9  6 21 20 29 26  2  3  5 44.594787
3357  9  5 26  3 29 24  1 28 12  6  8 23 16 18 20  2 19 15 21 25  7 27 13 11 22 14 17  4 10 44.618788
3338  4 29  9  5  6 26  3  2 21  1 28 12  8 27 24 25 16 10 13 23  7 11 18 15 20 14 19 17 22 44.250766
3225 11 10 17 18 14  4 22 13 16  7 19 15 25 27 23 24  8  1 21 26  9  5 12  6 28  2 29  3 20 44.446777
3530 14 17  4 18 22 19 11 15 25 10 20 23  7 13 24 28  8 16 27  1  2 29  9  6  5 26  3 12 21 44.646791
3375  3  2  6 12  9  5 21 29 26  1 10 13 24 16 27  8 28 20 19  4 22 18 11 14 17 15 25 23  7 44.742797
3301  2  3 29  9 26  5 24  1 12 28  6 21 13  4 19 20 10  8 27 25 16 22 11 15 14 18 17  7 23 44.510781
3321 28  5 26  1  2  3 29  6 12  8 16 24 21  9  4 20 10 19 25 11 15 18 14 17 22 13 23  7 27 44.550784
3379 15 25  7 14 18 17 11 22 19 16  4 10 20 23  8 13  1 27 24  3 29 26  9 12  5 28 21  2  6 44.594787
3323 29  3  9 28  5 21  2 26 12  6  1 27  8 16 25  7 24 23 19 20 13 10 15 18 22  4 17 14 11 44.566784
3248 17 15 22 18 14 11 13 19 25  7 23 27  4 16 24 28  8  6 21  1  2 26  5  9 12 20 10 29  3 44.790800
3382 18 14 22 17 15 25 13  4 20 19 11 10 27  7 23  8 24 16  1 21 29  9 26 12  6  5  3 28  2 44.646791
3369  3 29 26 21 12  1 28  5  6  9 24 16 27  8 13  2 10  4 23 25 11 19  7 15 20 22 17 14 18 44.386774
3249  2 29 26  3 21 12  9  6  5 20  1 24 28  8 13 16 27 25 23  7 22 14 18 15 11 19 10 17  4 44.398775
3329 15 14 18 25  4 17 22 11 13 27  7 20 10  8 23 19 24  1 28  6  9  5 26  3 29  2 21 12 16 44.294768
3468 18 14 17 24 13 10 16 19 22  4 15 27 25 11  7 23  8  1 21  9 12 28 20 26 29  3  5  6  2 44.506782
