2306 29 26  6 28  2 20 10 13  4 15 18 17 14 22 11 19 25  7 23 16 24 27  8  1 21 12  9  5  3 22.941433
2839  4 17 11  7 23 27 24  8 12  6 28  1 19 15 22 14 18 10 21 29  3 26  9  5  2 20 13 16 25 23.101445
2379 17 18 21 28  6 12  9  5 26  3 29  2  1 20 10  4 13 16 24  8 27 23  7 25 19 15 11 14 22 22.837427
2440 13  3 29 26  5  9 12 21  2 20  4 10  6 28  1 24  8 23  7 25 11 22 14 17 18 15 19 16 27 22.933433
2172 19 23 27  8  1 28  6 12  9  5 26  3 29  2 21 24 16 13 10 20  4 15 18 17 14 22 11 25  7 22.921433
2313 21 24  8 27 23 16 10 20 18 17 22 14 15 11 25  7 19  4 13  1 28  6 12  9  5 26 29  3  2 22.957435
2383 10  4 15 19 13 16 27  8 23 18 14 17 22 11 25  7 24  1 28  6 12  9  5 26 29  3 21  2 20 22.797424
2451  4 20  2  3 29  5 21  1 24 23 27  8 28  6 12  9 26 10 15 18 17 14 22 11  7 25 19 16 13 22.741421
2272 24  8 16  4 15 14 18 17 22 11 19 25  7 23 27 13 10 20  1 28  6 12  9  5 26 29  3  2 21 22.853429
2399 27 21  3 29 26  5  9 12  6 28  1  2 20 10 13 23  8 24  4 15 18 17 14 22 11 19  7 25 16 22.877429
2106 24  8  1 28  6 12  9  5 26  3 29  2 21 20 10 18 14 17 22 11 15  4 13 16 19 25  7 23 27 23.293455
2432 18 17 22 11 15  4 16 20  3 29 26  5  9 12  6 28  1 21  2 13 19 25  7 23 27  8 24 10 14 23.317458
2245 10  4 16 24 27 23  7 25 19 15 11 22 17 14 18 20  2 21 29  3 26  5  9 12  6 28  1  8 13 22.953434
2449 25  7 16 24  1 21  5 26  9 12  6 28  8 23 27  2  3 29 20 13 10  4 19 15 18 14 17 22 11 23.181449
2309 18 17 14 22 11  4 10 20 13 16 25  7 23 27  8 24 21  3 29 26  5  9 12  6 28  1  2 19 15 23.065441
2513 23  7 25 16 19 10 20  3 29  2 13 24 27 18 14 17 22 11 15  4 21  5 26  9 12  6 28  1  8 23.193450
2187 26  5  9 12  6 21  1 28  8 23 27 24 16 13 18 17 14 22 11  7 25 19 15  4 10 20  2  3 29 23.045440
2183  6 12  9  5 26 29  3  2 21 28 13 20 10  4 15 18 17 14 22 11 19 25  7 23 16 27 24  8  1 23.069442
2385 13 17 22 11 25  7 23 27 19 14 18 15  4 10 20  2 21  3 29 26  5  9 12  6 28  1  8 16 24 23.053441
2338  1 21  2 20 10  3 29 26  5  9 12  6 28 13 18 14 17 22 11 15  4 19 25  7 23 16  8 27 24 23.213450
2335  2 26  5  9 12  6  8 23  7 25 11 22 14 17 18  4 15 19 16 27 24 28  1 21 13 10 20 29  3 22.893430
2275 28  1 24 13 16 27  8 23  7  4 15 18 14 17 22 11 25 19 10 20 21  2  3 29 26  5  9  6 12 23.033440
2523 12  6 28 21  1 24  8 27 16 23  7 25 19 13  4 10 20  2 26  3 29 18 17 14 22 11 15  5  9 23.029438
2500  9 12  6 13 16 24 27 23  8 28  1 21  5 26 29  3  2 20  7 25 19 15 11 22 17 14 18  4 10 22.953434
2654 12  6  5 21 20 10 24  8  1 28  3 29  4 13 16 27 23  7 25 19 15 11 22 14 17 18  2 26  9 23.133446
2398 24  8  1 28  6 21  2  3 29 26  5  9 12 27 23  7 25 16 10 20  4 18 17 22 14 15 11 19 13 22.965436
2224 22 14 17 18 15  4 20  2 29  3 26  5  9 12  6 28  1 21 19 25  7 23 27  8 24 16 13 10 11 23.261454
2382 24 28 29  3 26  5  9 12  6 21 20 10  4 15 18 14 17 22 11 19  7 25 16 13  2  1  8 27 23 23.201449
2206  3 29 26  5  9 12  6 20 10  4 18 17 14 22 11 15 19 25  7 23 27  8 13 16 24 28  1 21  2 23.377461
2430  7 11 22 14 17 18 15  4 20 10 19 25 23 27 16 13 21  6 12  9  5 26 29  3  2  1 28 24  8 22.985436
2458 15 18 13 10 20  3 29 26  9  5 12  6 28  1  8 27 23 16 24 21  2  4 17 14 22 11 25  7 19 22.993437
2432 24 27 23  8 28  1 29  3 13 16 19 25  7 11 22 17 14 18 15  4 10 20  2 26  5  9 12  6 21 23.113445
2113  1 21  2  3 29 26  5  9 12  6 28  8 24 13 16 27 23  7 25 19 11 22 14 17 18 15  4 10 20 22.893431
2208 22 14 17 18 20 21  2  3 29 26  5  9 12  6 28  1  8 27 24 13 10 16 23  7 25 19  4 15 11 23.053441
2441  1  8 16 24 27 23  7 25 19 13 10 21 29 20 18 14 17 22 11 15  4  2  3 26  5  9 12  6 28 22.977435
2120 12  9 26  3 29  2 20 10  4 18 14 17 22 11 15 19 25  7 23 16 13 24 27  8 28  1 21  5  6 23.061441
2577 18 29 26  5  9 12  6 28  1 21 24  8 27 23 15  4 10 20  3  2 13 16 25  7 19 11 22 14 17 23.117445
2382 24 16 15 11 22 17 14 18 10  4 19 25  7 23 27  1 13 20  2 21 29  3 26  5  9  6 12 28  8 23.225451
2800  7 25 11 22 17 18 23 27 24 13 21  2 29  3 10  4 14 15 19 16  8  1 28  6 12  9 26  5 20 23.197449
2110 10  4 18 17 22 14 15 11 19 25  7 23 27 16  8 24  1 28  6 12  9  5 26 29  3  2 21 13 20 23.085443
2247 12  9 26 29  3  5  6 28  1 21  2 20 10  4 19 15 18 17 14 22 11 25  7 23 16 27  8 24 13 23.005438
2429 20  2  3 29 21  1  5 26  9 12  6 28  8 24 27 23  7 19 10  4 15 18 14 22 17 11 25 16 13 23.129445
2407 20 12  9  5 26  3 29  2 21  4 13 16  1  6 28  8 24 27 23  7 25 19 11 22 17 14 18 15 10 23.097443
2263  2 28  8 24 27 16 23  7 25 19 11 22 14 17 18 15  4 10 20 13 21  3 29 26  5  9 12  6  1 23.181448
2251 24  1  6  5 21  2  3 29 26  9 12 28  8 27 23  7 19 13 10 20  4 15 18 17 14 22 11 25 16 23.153448
2369 17 22 11 15  4 19 25  7 23 27 16 24 13  3 29 26 21  5  9 12  6 28  8  1  2 20 10 18 14 23.549471
2239  1 24 16 23  7 25 19 15 11 22 17 14 18  4 10 13 27  8 28 12  6  5  9 26  3 29  2 20 21 24.137509
2564  9 26 29  3 21  1  2 20 10 15 25  7 23 24 28  8 27 16 19  4 14 18 17 22 11 13  5  6 12 23.513470
2199 17 14 18 15  4 19 13 16 27 23  8 24  1 28  6 12  9  5 26 29  3  2 21 20 10  7 25 11 22 23.033439
2311 21  1  8 28  6 12  9  5 26 29  3 18 14 17 22 11 15  4 13 24 16 27 23  7 25 19 10 20  2 23.241453
