2312 20 10 17 18 22 14 15  4 11 25  7 19 13 16 27  8 23 24  1 28  6 12  9  5 26  3 29 21  2 23.773486
2461 28  1 21  2  3 29 26  9 12  6  5  4 15 14 18 17 22 11 13 10 20 19  7 25 16 23  8 24 27 23.677480
2372 15 11 22 17 14 18  4 20 13 19 25  7 16 27 23 24  8  1 28 12  6  9 26  5  3 29  2 21 10 23.449465
2602 29  3 26  5  9 28 21  1 24 27  8 23  7 25 16 13  6 12  4 15 11 17 22 14 18 19 10 20  2 23.729483
2632  7 27 14 17 22 18 15  4 10 20  2 29  3 26  5  9 12  6 21  1 28 23  8 24 16 25 13 19 11 23.709482
2570  3 29 26  9 12 28  6  5 21  2 20 10  4 17 22 11 13  1  8 24 27 16 23  7 25 19 15 14 18 23.945497
2223 20 18 22 17 14 11 15  4 10 13 19 25  7 23 16 27 24  8  1 28 12  6  9  5 26 29  3 21  2 23.773485
2474 14 18 22 17 11 19 20 10  2 26 29  3  5  9 12  6 21 28  1 24  8 27 23  7 25 13 16  4 15 23.769487
2309  6  9  5 26  3 29  2 21 13 10  4 20 15 19 25  7 11 22 14 17 18 16 24 27 23  8  1 28 12 23.789486
2328 10 20  4 13 19  7 25 11 22 17 14 18 15 16 27 23  8 24  1 28  6  9 12 21  5 26 29  3  2 23.517469
