3294 20  1 24  8  3 26 29  9 12  5 27 28  6  2 21 19 13 10  4 16 15 25  7 23 11 22 17 14 18 34.142134
3477 29  9 12  6 26  3  5 28 24  1 23 16 21  2 20 10 25  7  8 13 27 18 22 15  4 11 14 17 19 34.078130
3473 24  7 17 18 22 14 11 15 25 13 19  4  9 28 16 23 27  8 20 10 21 26 29  5  6 12  2  3  1 34.202138
3448 16 17 15 14 22 11 25  7 19 18  4 10 20 21 27 23 26 12  9 28  5  1  6  8 24  2 29  3 13 34.358146
3378  4  7 10 18 11 22 15 17 14 19 25 13 16 23 27 24  8 28 20  2  1 21  6  9 12 26  5 29  3 34.026126
3518  6 16 18  4 10 15 11 25  7 22 17 14 23 24  8 27 13 21 19 20 28 12  9 26  5  1  3 29  2 34.254142
3538 21  2 29  5  6  9 26  3 28  1 27  8 24 16 10 12 23 25  7 20 15  4 11 18 13 19 22 17 14 34.254141
3341 23  7 11 14 17 15 22 18 19  4 10 20 13 27 16  6  8 25 24 28 12  1 29  3  2  9 26  5 21 34.254141
3541  9  6  2  5  3 29 26 21 12 28  1 24  4 15 23  7  8 27 13 11 22 20 19 14 17 18 10 25 16 34.138133
3329  4 18 15 22 17 14  7 25 27 13 11 10 20 21 19 16 24 28 12 23  8  1  6  9  2 29 26  3  5 34.090131
3490 16  4 14 15  7 25  2 19 11 22 17 18 13 10 20 27 23 21 29  3  5 28  8 12  6  9 26 24  1 34.858179
3513  8 23 16 20 24 28 21  2 14 22 17 18 13  4 10 19 15 11  7 27 25  1  6 29  5 26  3  9 12 34.366147
3227 17 18 14 19  4 22 15 25  7 11 27 20 10 13 24 16 23  8  1  6 21 28  5  9 12 29  3 26  2 34.626165
3402 26 12 28 13  2  5  9 29  3 10 21 16 24  1  6  4 19 23 27  8  7 25 17 11 22 14 18 15 20 34.694167
3587  1 28 29 21 24  2  9  5 26 13 12  3  6  8 27 16 23 17 19  7 25 11 22 14 18 15  4 10 20 34.810176
3467  7 25  4 19 14 11 22 17 18 15 20 10 27 13  3 26  8 23  6 12  9 21  2 24  1 28  5 29 16 35.070192
3439 19 14 17 22 11 18  7 10 15  4 27 16 25 24 13  8  2 21 23 28  1  6 12  9 29  5 26  3 20 34.730170
3460 19 22 11 25 17 14 18  4 10 23 27  7 15  8 16 24 28  2 20 12  6  9  3 29 26  1  5 21 13 35.014189
3154  4 22 14 18 15 17 11 25  7 23 19  1 27  8 28 16 24 13 10 20  3 29 21  5 12  6 26  2  9 34.714170
3441 29  5  3 26  9  6 12 21  1 13 24  8  2 28 16 19  7 25 18 15 20 10 27 23  4 14 17 11 22 34.830176
3424 24 12  6  9 26  3 29  5 20 13  8 15 21  2  1 28 16 27 23 25  7  4 22 19 10 18 17 14 11 34.882180
3462 25  7 10 20 11  4 17 18 14 22 15 19 16 24 27 23  8  2 13 28  1  5  9 29 21  3 12 26  6 34.562160
3389 13 12  5 26 29  9  6  1  2 10 20  3 21 24 27 16  8 28 25 11 14 22 17  7 18  4 15 19 23 34.802174
3181 18 22 17 14 13  4 11 19 15 16  8 27 23  7 25 10  9 12  1  3 21 24 28  6 26  5 29  2 20 36.770298
3404 23  7 11 25 13 16 10 14 22 15 18 17 19  4  3 29  5 20  2  9  6 26 12 28  1  8 24 21 27 37.990374
3366 22  4 13 20 18 17 14 11  7 25 19 15 23 16 28  1 10  8 24 27  9 12  6  5 26  2  3 29 21 37.694357
3256  5 12 28  1 29 26  6 21  3  2  9 23  8 27 24 13 16  4 20 10 19 11 25  7 18 15 14 22 17 38.094380
3325 20  3 26 29 28  5  9 10  8  1 12  2 21  6 24 13 27 23  7 25 19  4 22 11 16 15 17 14 18 38.286392
3434  2  3 29  6  5  9 26 12 28 25 21  1  8 27 13  7 23 24 11 20 16 19  4 22 17 18 14 15 10 38.038376
3576  7 17 22  4 11 14 15 18 25 23 16 19 24 13 10 20 21 27  1  2  8  9 29  3 26  5  6 28 12 37.882368
3261 10 15 18 14 22 17 25  7  4 16 23 11 19 13  8 24 27 21  1  2 20  9  5 28 12  6 29  3 26 37.774361
3425  9 26  6 12  1 29  3 21 28  2 20 24  8 23 27  7 16 10 15  5 13 19 25 11 14 17 22 18  4 35.926244
3417 12 21  9 26  5  2  3 29  6 28  1 16 15 23  8 27 24 13 10 20  7 17 18 11 14 22  4 25 19 34.482155
3480 29 26  9 12 28  6  1  2 21 20  8  4  5  3 24 27 16 11 15 19 13  7 23 25 18 17 22 14 10 34.690168
3278 16 18  4 14 11 17 22 10 13 24 15 19  8 27 25  7 23 20  3 26 29 21  2  5 12  9  6 28  1 34.674167
3328 14  4 19 11  7 15 18 22 17 25 16 24 27 23  8 21  2  1 13 20 12  9 26 29  6 28  5  3 10 34.550159
3424 27  8  4 11 25 15 14 17 22 19 16 23  7 10 18 20 24 21 13  3  2 29 26  9 12  5  1 28  6 34.710170
3538 12  5  9 21 28  3  2 20  1 26 29  6 24 23  8 13 19  4  7 25 14 17 22 11 10 18 15 16 27 34.694168
3583 16 23 27 24 10 25 19 18 22 11 15  4 20 14 17  7  1 12  5 26  9 28  8 21  2 13  3 29  6 34.646165
3294  3 26 28  6 12 21  1  9  5 29  2 24 13  8 16 23 27  7 14 18 17 22 10 11 19 15 25  4 20 34.574162
3504  9  3 29  2 12 26 20 10  5 13  6  1 21 27 23 28 24  8  7 25 11 17 22 14 18 19 16  4 15 34.706168
3123 15 18  4 11 22 17 14  8 13 20 10 25  7 23 27 16 19 24  1  5  9 21 12 28  6  3 26 29  2 35.802238
3180  4 22 17 18 14 15 11 19 20 10 13 21 25  7 27 23  8 16  2  1  5  6  9 28 12 26 29  3 24 35.474217
3429 12  5 29  3 26 10  9  6 21  2 20 28  1  8 24 27 25  4 13  7 23 15 14 18 11 22 17 19 16 34.490156
3247 21 29  9 26 12 28  6  3  2  5 19 16 25  7 27 23  1  8 24 13 10 22 11  4 18 14 17 15 20 34.502156
3485 15 25 18 17 22 14 11 27 19 16  4 10 13 23  7  2 24  1 28  8  6 12  3 26  5  9 29 20 21 34.510157
3379 29  3 26  9  2  5 21  1 12  6 28 13 27 24 23  8 20 25 16 10 17 18 22 15 14  7 19 11  4 34.450153
3494 15 14 17 22 11 19 16 27  2  4 18 25  7 23 20 10 13  5 12 24  8 28  9  1  3 26 29 21  6 34.546159
3504 10 15  4 18 11 17 14 22  8  7 25 27 16 19 23 12 24 13  6 28  1 26  5 21  9  2  3 29 20 34.494156
3393 20 10 18 17 22 14 11 25  7 15  4 21 13 27 16  8 23 24  2  9 29 28 19 26  3  5 12  6  1 34.338146
