2834 25 19 16 24 27  8 28  1  2 20 10  4 15 13 23  7 14 17 18 29  3 26  5  9 12  6 21 22 11 22.245390
2339 29  3 20  4 25  7 11 22 14 17 18 15 10 13 19 16 23 27  8 24  2 21  1 28  6 12  9  5 26 22.089380
2491 16 23 27 24 26 29  3  2 20 10 21  5  9 12  6 28  1  8 13  4 19  7 25 11 22 18 17 14 15 22.029377
2597 17  1 28  6 12  9  5 26 29  3  2 21 20 13 24  8 27  4 10 16 23  7 25 19 11 22 14 18 15 22.449402
2415 18 17 22 11  4 10 20 21  2  3 29 26  5  9 12  6 19  7 25 16 24  1 28  8 23 27 13 15 14 21.873367
2468 17 14 22 11 15  4 19 25  7 13 10  2  3 29 21  1 24 16 23 27  8 28  6 12  9  5 26 20 18 22.113382
2827  9 26 29  3 10 19 25  7 23 27  8 24 17 18 20  2  5 12  6 28  1  4 15 14 22 11 16 13 21 22.285392
2469  1 28  6 12  9 21 24  8 27 16 13 14 22 17 18  4 15 11 25  7 23 19 10 20  2  3 29 26  5 22.077380
2619 13 16  7 23  8 28  6  1 27 24 21 20 10 15 19 25 11 22 14 17 18  4  2 29  3 26  5  9 12 22.297393
2357 26  3 29 20 21  5  9 12  6 28  1 13 24  8 27 23  7 25 16 19  4 15 18 17 14 22 11 10  2 22.077379
2877  2  3 29 26  5 21 15  7 25 18 14 22 17 20 13  6  9 12 28  8 24 27 23 16 19 11  4 10  1 22.557409
2937 25 15 20  2 29  5  9 21  6 12 28  1 13 24  8 27 23  7 14 22 17 18  4 10  3 26 16 19 11 22.449404
3074  9 12 18 17 22 14 15 19 25  7  8  6 26  2 21 10 11  4 20  3 29 13 16 23 27 24  1 28  5 22.581411
2531 13 12  1  8 27 23 16 24  2 21 28  6  9  5 26 29  3 20 10  4 15 19  7 25 11 22 17 14 18 22.469404
2367 17 15 16 23 27  8  1 24 13  4 10 20  2  3 29 26  5  9 12  6 28 21 19  7 25 11 22 14 18 22.589412
2685 18 15 10 20 21  6 12 28 11 22 17 14  4 13 19 25  7 23 27 16 24  8  1  5  9 26 29  3  2 22.677417
2548 20 10  4 15 17 22 11 19 16 13 24  8 27 23  7 25 14 18  1 28  6 21  2  3 29 26  5  9 12 22.573412
2439  9  5 26 29 21  1 16 15 18 17 14 22 11 25  7 19  4 10 20  3  2 13 24 27 23  8 28  6 12 22.681418
2730 21  9  5  4 19 15 18 17 14 22 11 10 13  2  3 29 26 12  6 23  7 25 16 24 27  8 28  1 20 22.585411
2439 29 26  9 12  5  2  4 16 27 23  7 25 11 22 14 17 18 15 19 13 24  8  1 28  6 21 10 20  3 22.517408
2362 17 22 14 15  4 10 20 13 28 12  6 21  2  5  9 26 29  3  1  8 24 16 27 23  7 25 19 11 18 22.837427
2496 28  1 24 13  3 29 26  9  5 21  8 27 23  7 11 22 14 17 18 15 19 25 16  4 10 20  2  6 12 22.605413
2589 29 26  5  9 12  6 19 17 22 14 18 15  4 13 16 23  7 25 11 10 20 21  1 27 24  8 28  2  3 22.413400
2700  4 10 13  2  9  5 21 24 27  7 23  8  1 28  6 12 26 29  3 20 14 22 11 25 16 19 15 18 17 22.237390
2619 17 11  2  3 29 26  5  9 12  6 20  4 18 14 15 19 16 25  7 23 27 24  8 28  1 21 13 10 22 22.609413
2130 11 15 14 22 17 18  4 20 10 13 21  2  3 29 26  5  9 12  6 28  1  8 24 27 23 16 19  7 25 22.385400
2535 11 22 17 14 15  4 20 13  2 21  1  5 26  3 29  9 12  6 28  8 10 18 19 16 24 27 23  7 25 22.621413
2829  8 27 16 24 21  9  5 20 10 13  4 15 25  7 23 28 12  6 19 11 22 14 17 18  2  3 29 26  1 23.141447
2524 20 10 15 14 22 11 19 16 25  7 23 27  8 28  1 13 17 18  4 24  6 12  9  5 26  3 29 21  2 22.293393
2675 19 23 27  8 24 13  9 12  6 28  1 20 10  4 11  7 25 16 21  5 26 29  3  2 18 17 22 14 15 22.497406
2235 21 28  8 24 16 27 23  7 25 14 18 17 22 11 19 15  4 20 10 13  1  6 12  9  5 26 29  3  2 22.461403
2369 22  4 19 16 13 24 27 23  8 28  1 21  2  3 29 26  5  9 12  6 20 10 25  7 11 15 18 17 14 22.649416
2835  2  1  8 27 24 16 10 12  9 26 29  3  5  6 28 23 25  4 18 17 14 22 11  7 19 15 20 13 21 22.645415
2400 22 14 17 18 15  4 21  1 24 19 25 16 27 23  8 28  6 12  9  5 26 29  3  2 20 10 13  7 11 22.609412
2845 28 10  4 15 16 23  7 25 11 19 13 24 27  8  1  6 21  2 20 17 22 14 18 12  9 26 29  3  5 22.517407
2284 19 18 17 14 22 11 15  4 20  3 29 26  9 12  6 28  8  1 21  5  2 10 13 16 24 27 23  7 25 22.717421
2387 18 15 19  7  4 20 10 13 12  9  5 26 29  3  2 21  6 28  1 24  8 27 23 16 25 11 22 14 17 22.589411
2537  1  6 28  8 23 16 19 13  2  3 29 26  5  9 12 21 20 10 18 17 14 22 11 25  7 15  4 27 24 22.621414
2755 12 28 16 25  7 11 19 10  4 15 14 22 17 18 23 27  8 24  1  3 29 26  9  5  6 13 20  2 21 22.561410
2084 18  4 10 20  2 21 29  3 26  5  9 12  6 28  1  8 27 24 13 16 23  7 25 19 15 11 22 14 17 22.485406
2379 21  1 24 13 16 25  7 23  8 27 19 10  4 15 11 22 14 17 18 20  3 29 26  5  9 12  6 28  2 22.469404
2738 25 11 17 15  4 19 16 24 13 21  1  6 12  9  5 26  2 20 10 14 22 18 29  3 28  8 27 23  7 23.681480
2603 16  1 28  9 21 24 23  7 25 11  4 13 27  8  6 12  5 26 29  3  2 20 10 15 14 22 17 18 19 22.597412
2591 11 23 27  8  1 24 13  4 19 25  7 28  6 12  9 26 29  3  5 21  2 20 10 16 15 18 17 14 22 22.497407
2366 23 21  6 12  9  5 26 29  3  2 20 10 13 19  7 25 11 15 18 14 22 17  4 16 24  1 28  8 27 23.109444
2655 15 10  2  3 29 21  6 13 16 23 27  8 24  1 28 12  9  5 26 20  4 19 18 17 14 22 11  7 25 22.653416
2424  2  5  9 12  6 28  1 26 29  3 21 20 13 25  7 23 27  8 24 16 19  4 18 17 14 22 11 15 10 22.421401
2552  2  1 28  6 12  9 26  5 21  4 15 22 11 25  7 19 18 17 14 16 23 27  8 24 13 10 20  3 29 22.637415
2605 20  1  8 23  7 25 16 27 24 19 15 18  4 10 13 11 22 14 17  2  3 29 26  5  9 12  6 28 21 22.485405
2478 20 21  1  6 12  9  5 26 29  3  2 28  8 23 27 24 16 10 11 22 14 17 18 15 19 25  7 13  4 22.653415
