2331 20 21 28  6 12  9  5 26 29  3  2 10  4 15 11 22 18 17 14 19 25  7 23  8  1 24 16 27 13 23.409463
2657 21  5  9 12  6 28  1 24  8 27 23 15 26  3 29  2 20 13 10  4 14 17 18 22 11 25  7 19 16 23.189449
2080 23 27 24  8 28  1  6 12  9  5 26 29  3 21  2 20 10 13 16 19  4 15 18 14 17 22 11 25  7 23.313457
2360 13 15 19  4 11 22 17 14 18 10 20  2  3 29 26 21  5  9 12  6 28  1  8 23  7 25 24 27 16 23.629477
2120  2 21  3 29 26  5  9 12  6  1 28  8 24 27 13 16 23  7 25 19 11 22 17 14 18 15  4 10 20 23.673480
2365 17 14 10 20  3 29 26  5  9  6 12  2 21  1 28  8 23 27 16 24 13  4 15 19 25  7 11 22 18 23.561472
2180 14 11  4 19 25  7 23 16 13 24 27  8 28  1  6 12  9  5 26  3 29  2 21 20 10 15 18 17 22 23.449466
2319 19 25  7 23 27 16  8 28  1  2 29  3 26  5  9 12  6 21 24 13 20 10  4 15 22 18 14 17 11 23.461466
2416 16 19  4 15 18 17 14 25  7 23 27  8 24  1 28 12  6  5  9 26 29  3  2 21 20 13 10 22 11 23.209451
2367  9  5  3 29 26 21 20 19 25  7 11 22 14 17 18 15  4 10  2 13 16 27 23 24  8 28  1  6 12 23.157447
2686 24 28 23 16 19  7 25 11 22 15  4 27  8  1  6 12  9  5 26 29  3 21  2 20 10 17 18 14 13 23.737484
2265 28  6 12  9  5 26 29  3  2 21  1 27  8 13 16 24 23  7 25 19 11 22 17 14 18 15  4 10 20 24.369523
2274 27 24 16 19 25  7 13  4 15 11 22 14 17 18 20 10  2 29  3 26  5  9 12  6 21  1 28  8 23 23.965497
2252 10 20  4 15 11 22 17 18 14  7 25 19 13 21  2 29  3 26  5  9 12  6 28  1 24  8 23 27 16 24.001501
2934  8 13 19 17 15 10 20 21 28  2  4 22 18 14 11 25  7 23 27  1 29  3 26  5  9 12  6 24 16 23.713482
2320 24 27 23  7 25 16 19 15  4 20 10 13 11 22 17 14 18  2  3 29 26  5  9  6 12 21  1 28  8 23.973498
2398  7 19  4 13 21  2 20 10 11 15 18 14 22 17 29  3 26  5  9 12  6 28  1  8 23 27 24 16 25 23.797488
2162 21  2 13 20 10  4 18 17 22 14 11 15 19 16 25  7 23 27 24  8 28  1  6 12  9  5 26 29  3 23.709481
2328  4 18 14 17 22 15 11 19  7 25 16 27 23  8 24 13 20  1 28 12  6  5  9 26 29  3  2 21 10 23.965498
2493 20 10 21  1 28  5 29  3 26  9  6 12  8 23 27 24 13 16 19 25  7 11 15 17 22 14 18  4  2 23.729483
2268 29  3  2 21  5  9 12  6 28  1 24  8 23 27  7 25 19 16 13  4 15 11 22 14 17 18 10 20 26 23.789486
2445  4 19 24 21  2 29  3 26  5  9 13 10 20  1  6 12 28  8 27 16 23  7 25 11 22 17 14 18 15 23.913495
2132 28  1 24 13 16 27  8 23  7 25 19 11 14 17 22 18 15  4 10 20  2 21  3 29 26  9  5  6 12 23.749485
2859 11 18 15  4 10 20  2 13 28 16 23  7 25 19 17 22 14 24 27  8  1 12  6  5  9 26 29  3 21 24.657540
2809  2  5 21  1  8 24 27 13 20 10  4 22 17 18 29  3 26  9  6 12 28 16 23  7 25 11 19 15 14 24.105507
2293 14 15  4 10 16 25  7 23 27  8 28  1 24 13 21  6 12  9  5 26  3 29  2 20 19 11 22 17 18 23.641478
2367  5  9 26 29  3  2 21  1  8 24 27 16 13 10 20 19  4 18 15 22 17 14 11 25  7 23 28  6 12 23.813488
2416 20 13 16 25  7 23 27 24 28  8  1  2 29  3 26  5  6 12  9 21 10  4 19 18 14 17 22 11 15 23.725483
2598  5 26 29  3  2 21  1 28 24 13 10 20  9 12  6  8 23 27  7 25 19 11 22 14 17 18  4 15 16 24.173512
2246  5 12  6 28  1 21 10 20  4 18 22 17 14 11 15 19 25  7 23 24  8 27 16 13  2 29  3 26  9 24.561535
2480 29  2  5  4 20 21 28 24  8 27 23  7 25 16 19 11 22 14 17 18 15 10 13  1  6 12  9 26  3 24.365523
2080  1 28 12  6  9  5 26 29  3  2 21 13 20 10  4 15 18 17 14 22 11 19 25  7 23 16 27 24  8 24.069503
2388 12 28  6 21 13 16 19 25  7 23  8  1 24 27 11 14 18 22 17 15  4 10 20  2 29  3 26  5  9 24.093506
2668 23  1  6 21 13 10  4 22 17 18 20  2  3 26 29  9  5 12 28  8 27 24 16 15 14 11 19 25  7 23.805487
2361  3 29  2 21  9 28 24 13 20 10  4 15 22 18 17 14 11 19 16 25  7 23 27  8  1 12  6  5 26 23.769486
2263 25 16 24  8 27 23 28  1 29  3 26  5  9 12  6 21  2 20 13 10  4 15 18 17 14 22 11 19  7 23.789487
2565 10  2 27 16 19 25  4 15 18 17 14 22 11  7 23 24 13  8 28  1  6 12  9 26 29  3  5 21 20 23.745484
2624  3 26 21 23 27 16  4 15 11 17 22 14 18 19  7 25 24  8 28  1 12  6  9  5 13 10 20  2 29 23.809489
2345  7 25 11 14 22 17 18  4 15 19 16 10 20 28  6 12  9  5 26  3 29  2 13 21  1 24  8 27 23 23.689480
2358  5  9 26  3 29  2 20 19  4 15 11 22 17 14 18 10 13 16 25  7 23  8 27 24  1 28 12 21  6 23.709482
2167 10 20  4 19 16 24  8 27 23  7 25 11 22 17 14 18 15 13  1 28  6 12  9  5 26 29  3  2 21 23.865492
2480 26  5  1 16 13 19  4 15 18 14 17 22 11 25  7 23  8 24 27 10 20 28  6 12  9 21  2  3 29 25.189574
2392 19 25  7 23 24  8 27 16 15  4 13  1 28  2  3 29 26  5  9 12  6 21 20 10 17 18 14 22 11 23.757485
2124  9 26 29  3  2 21 20 10  4 18 17 22 14 15 11 19 25  7 23  8 27 16 13 24  1 28  6 12  5 23.793487
2304 25  7  4 20 10  1 24 27 23  8 28  6 12  9  5 26  3 29  2 21 13 16 19 15 18 17 14 22 11 23.309457
2484 29  3 26  9 12  6  5 21  2 20  4  1 24 28  8 27 23  7 25 19 16 13 10 15 11 22 17 14 18 24.121506
2385 21  6 12  9  5  2 20 29  3 26 28  1 24 27  8 16 23  7 25 19 15 11 14 22 17 18  4 10 13 23.625477
2289  5  9 12  6  1 28  8 13 10 20 19 15  4 18 14 17 22 11  7 25 16 23 27 24 21  2  3 29 26 23.509469
2259  9  5 12  6 28  1  2 21 13 16 27 24  8 23  7 25 19 15  4 11 22 17 14 18 10 20  3 29 26 24.021501
2350  3  1 28  8 24 23 27 16 13 19  7 25 11 22 14 17 18 15  4 10 20  2 29 21  5  6 12  9 26 23.689480
