3111 22 19 15 11 18 20  4 14 17 10 13 23  7 25 27 24 16  8  1  2 21 28  6 12  9 29  3 26  5 28.209763
3101 20  2 21  3 29  9 12  6  5 26 28  1 24 25 23 27 16  8 19 13 14 18 22  7 17 11 15  4 10 28.197762
2990 19 17 14 18 11  4 15 25 22 20 10 13 24 16  7 27 23  8 28 21  1  6 12  9  5  3 29 26  2 27.997750
2906  2  3 26 29  5 12 28  9  6 21  1 23  8 24 10 13 16 27 19 25  7 15 20  4 11 22 14 17 18 28.133758
3046  4 22 17 14 18 25 15 19 16 11  7 23 27  8 13  1 21  5 28 24 20  6  9 12 26 29  3  2 10 28.201763
2995  6  2 26 29  3  5  9 21 12 28 27  8 13  1 24 16 23  7 25 11 19 17 22 14  4 20 10 15 18 28.133758
3125 26 21  5  3 29  9 12  6  2  1 28 27  8 23 16 24 25  7 10 20 13  4 15 17 22 19 18 14 11 28.237765
3038  4 22 18 14 15 17 19 11  7 27 23  8 24 13 10 16 25 28 12  9  1  6  5  3 29 26 21  2 20 28.105757
3292  5  3 26 29  2 20  9 12  6 21  1 16 24 10 27  8 13 28 23 25 11  7 19  4 14 17 22 18 15 28.137758
3040 11 19 25  7 14 18 22 17 15  4 10 20  2  5 21 29  3 26 13 12  6 23  1  9 28  8 24 27 16 28.221764
2911 15 22 11 18 10  4 14 17 19 13 25  7 27 23 16 24  8  1 28 21  6  9 12  5  2  3 29 26 20 28.357772
3052 23 16 21 13 24 27  8  1  6 28 29  3  9 12 26  5 20  2 15 10 14 17 22 18 11  4 19 25  7 28.493780
2922 29  3 26  5  2  9  6 12 21  1 28 27  8 23 16 24 13 20  4 10  7 11 17 22 18 14 25 19 15 28.501781
3113 21 29  2  3 26  5  9 12  6 28  1 23 13 19 16  8 27 10 24 20 25  7 17 18 14 11 22 15  4 28.593787
2923 18 14 22 17 11  7 25 15 13  4 10 20 24 16 23 19 27  1  8 28  6 12 21  9 26 29  3  5  2 28.497782
2937 15 19 11 22 18 14 17  4 16 24 23  7 25 13 27  8  1 28 12 20 10  3  2 21 29 26  5  9  6 28.429777
3124  2 26 29  3  5 20 18 14 17 22 25 11 15  7  4 10 13 16 19  6 12  9 28 24  8  1 27 23 21 28.445778
2878 10 15 17 14 22 18 13  4 11 16 25  7 19 27 23  8  1 21  5 24 28 12  9  6  3 29 26  2 20 28.381774
3041 29  3 26  6  9 12  5 28  1  2 21 23 27 24  8 13 25  7 16 10 15 22 11  4 19 14 18 17 20 28.477780
3136 15 22 18 17 14 11  4 25  7 19 23 27 16 13  8 20  1 24 21  2 28 12 26  9  6  5 29  3 10 28.493781
2980 23 27  8 24 28 16 11 25  7 15 19 17 22 14 18  4 13 10 20  3  5 29  2  1 12  6  9 26 21 28.417776
3084 28  6  9 12 26 29  3  5  2  1 10 20 21 13 27  8 23 25 24 16  7 19  4 14 22 18 17 15 11 28.401775
3157 25  7  8 23 24 27 16 19 14 22 11 17 18 15  4 20  2  3 29 13  6  9 12 26  5 21 28 10  1 28.421775
3278 28  8 27  1 21 12  5 24  6  9 29  3 26  2 10 20 23  7 15  4 19 14 22 18 17 11 13 25 16 28.513783
3091 12  6  2  3  5 21 29 26  9 28  1  8 16 25 19 23 24 27 13  7  4 11 15 22 14 18 17 10 20 28.385773
3016 15 18 22 14 17 11  7 25 19  4 23 16 28 27  8 24 13  1 10 20 21  6 12 26  9  5  2  3 29 28.513783
3151  2 26  9 20 29 21 28 12  6  5  3  1 24  8 27 23  7 25 11 22 19 16 10 17 18 14 15 13  4 28.417776
3266 22 17 14 18 20  4 15  7 11 19 13 10 28  3 29 21  1 24  2  9 26  5 12  6 16 23  8 27 25 28.605788
3041  3 29  1 28  8  9 26  5  2 21  6 12 10 13 23 27 24 16 25  7 15  4 17 14 18 22 19 11 20 28.353772
2992  4 15 17 22 18 14 11 10 25  7 19 27 13 16 23  8 24 28  5  6 20  2  1 21 12  9 26  3 29 28.405775
3048  2  5  6 12  9  3 26 29 21  8 27 23 28  1 24 20 16 19 15 11 10 13 25  7  4 17 22 14 18 28.477779
3127  2 29  3 26 21 12  9  6  5 23  8 28  1 27 16 20 24 25  7 10 15 11 19 18 17 14 22  4 13 28.525783
2994  7 11 22 17 14 18 20  4 15 10  2 13  3 26 29 28 12  5 21  6  9 24  1  8 23 27 16 25 19 28.629789
3030 18 17 14 22 15 19 25  4  7 11 16 27 23  8  1 24 13 28  2 26 29  3 10  5  9  6 12 21 20 28.453778
3158 13  4 20 11 14 17 22 18 19  7 15 10 25 24 27 16 23  8 21  5 26 29  3 12 28  1  9  6  2 28.445778
3127 13 18 22 15 10 14 11 17  4  7 25 19 16 27 23 24  1  8 28 20  2 26  3 29  9 21 12  6  5 28.729796
3045 18 17 10 11 14 22 15  4 13 19 25  7 27  8 16 23 24  1 28 21  5  6  3 26 29  9 12 20  2 28.609788
3090  2 21 26  3 29  5  9 12  6 20  8 28 24 16  1 23 27 19 14 17 11  7 25 13  4 18 22 15 10 28.629789
3051  4 17 22 11 14 18 15 10 25  7 19 23 27 16 24  8 28  6  1 20 13  2 12  9 21  3  5 26 29 28.629789
3093 16 27 23 19 25  7 17 22 14 11 18 20  4 15 10 13  2 21 26  1 28  6 29  3 12  9  5  8 24 28.853804
3243 23  8 16 25 11 22 18 17 14 20 15  4  7 19  2  6 28 24 27 13 21 10  1 12  9 26 29  3  5 28.529783
3072 29  3 21  2 26  9  5 12 28  1 25 16 24  8  6 23 27 19 11  7 13  4 15 22 17 14 18 20 10 28.337771
3167 20 12 26  3 29  9  8  2 10 21 28  1  5  6 13 24 23 27 25 16  7 19 11 14 22 17 18 15  4 28.441778
3386 12  9  6  5 29  3 26  2 21 28  1 27 13 24 23  8 20 10  7  4 15 17 25 14 18 11 22 19 16 28.453778
2992 20 19 11 14 22 17 18 15 16 25  7  4 23 27 13 24  8 28  1 12  6 10 21  9 26  2  5  3 29 28.397775
3312 20  2  5  9  6 12 10  3 29 26 21  8  1 28 24 19 11 13 23 27 16  7 17 14 15  4 18 22 25 28.521783
3181 22 17 19 15 14 18 10 20  7 25 11  4 27 23 16 24  1  8 13 28  5 12  6  9 21  2 26  3 29 28.417777
3225  7 27 16 23 25 19  8 24  1 21  2  5 28 12  9  6 26 20 29  3 10 13 22 11 18 14 17 15  4 28.357771
3059  4 18 22 17 14 15 11 25  7 19 13 16 20 10  8 27 23  1 28 24  6 21  5  2  9 12 26 29  3 28.429777
3190  3 29  6  5 26  9 13  1 28 12 10  2 21  8 16 27 23 24  4  7 25 19 14 18 17 22 15 11 20 28.477779
