2208 18 15  4 10 13 19 16 27  8 24 21 20  2  3 29 26  5  9 12  6 28  1 23  7 25 11 22 17 14 23.209450
2078 23 16 27  8  1 28  6 12  9  5 26 29  3  2 21 24 13 10 20  4 15 18 14 17 22 11 19 25  7 22.849429
2207  9 12 28  1 21 20 13 16 24  8 27 23  7 25 19 11 22 17 18 14 15  4 10  2  3 29 26  5  6 23.157447
2468  8 27 10 20  2 21  1 28  6  5  3 29 26  9 12 13 24 16  4 18 17 22 14 15 19 11 25  7 23 23.157447
2692  8 27 24 18 14 21  9 12  6  5 26  3 29  2 20 10  4 15 19 17 22 11 25  7 23 16 13 28  1 23.049440
2263 18 17 14 22 11 15 19 13 16 24 27  8 23  7 25  4 10 20 21  1 28  6 12  9  5 26  3 29  2 22.857429
2353 26  3 10 13 16  4 15 22 17 18 14 11 19 25  7 23 27  8 24  1 28  6 12  9  5 21  2 20 29 23.169448
2399  3 26  6 21 24 10 20  4 15 18 14 17 22 11 19 25  7 23 16 13 27  8  1 28 12  9  5  2 29 23.025439
2552  1  8 27 23 24  6 12  9  5 21  2 16  4 15 17 18 14 22 11  7 25 19 13 10 20 29  3 26 28 23.093443
2280  7 11 22 14 17 18 15 19  4 10 20 13  2 21  5  6 12  9 26 29  3 28  1 24  8 27 23 16 25 22.981436
2043  9  5 26  3 29  2 21 20 10 13 16 19  4 15 18 14 17 22 11 25  7 23 27  8 24  1 28  6 12 23.237453
2155 24 27 23  8  1 28  6 12  9  5 26 29  3  2 21 20 10 19 16 25  7 11 22 17 14 18 15  4 13 23.445465
2283 20 10 15  7 25 11 22 17 14 18 19 16 27  8 23 24  1 28  6 12  9  5 26  3 29  2 21 13  4 23.397462
2474 27  8  1 13 20  2 29  3 26  9  5 12  6 28 23 16 19 15 18 17 14 22 11  7 25  4 10 21 24 23.353460
2362 13 20 10  4 15 18 14 17 22 11 24 27 23  8 28  1 21  5  6 12  9 26 29  3  2 19  7 25 16 23.309456
2356  4 18 14 17 22 15 11 25  7 23 27  8 28 24 16 19 13 20  2 21 29  3 26  5  9 12  6  1 10 23.329458
2413 16 23  7 25 11 22 17 14 15  4 20  3 29 26  5  9 12  6  1 28  8 27 24  2 21 13 10 18 19 23.893493
2717  7 11 13 27 23 24  8 12  9  6 28  1 16 19 15  4 21  5 26 29  3  2 10 20 18 17 22 14 25 23.349459
2457 10  4 19 13 16 24  8  1 27 23  7 25 11 22 14 17 18 15 20 29  3  2 21 28  6 12  9 26  5 23.473466
2331 21  2 29  3 26  9  5 12  6 28  1 13 18 17 22 14 15 10 20  4 19 11 25  7 23  8 27 16 24 23.657478
2436 10 20  2 21 12  9  5 26  3 29  4 15 18 17 14 22 11 19 25  7 23  8 16 27 13 24  1 28  6 23.621477
2264 25 10 20  2 21  3 29 26  5  9 12  6 28  1  8 24 13 16 27 23  7 19 15  4 18 17 14 22 11 23.513469
2217 27  8 24 13 20 10  4 15 18 14 17 22 11 19  7 25 16  1 21  2 29  3 26  5  9 12  6 28 23 23.321459
2398 25  7 20 21 10  4 15 11 22 14 17 18  2  3 29 26  5  9 12  6 28  1  8 23 27 24 16 13 19 23.229451
2278 29  3 21  2 13  4 15 18 17 22 14 11 19 25  7 23 27  8 16 24 10 20  1 28  6 12  9  5 26 23.669480
2344 28  8 23 27 24 13 16 19  7 25 11 22 18 17 14 15  4 10 20  6  9  5 26  3 29  2 21 12  1 23.569472
2524 13 27 16 19 11 22 17 14 18 15 25  7 23  2  3 29 26  5 21  9 12  6 28  8  1 24  4 20 10 23.473467
2077  4 11 22 17 14 18 15 19 13 16 25  7 23 27  8 24  1 28  6 12  9  5 26 29  3  2 21 20 10 23.321458
2824  5  9 12 27 16 13 20 10  4 19 15 14 22 11 25  7 23  8 24  6 28  1 21 26  3 29  2 18 17 23.553471
2413  5 20 10 15 13 19 16 24 27  8 23  7 25 11 22 14 18 17  4  2 21  1 28  6 12  9 26 29  3 23.305457
2191 18 14 17 22 11 25  7 23 16 27  8 24 21  2 29  3 26  5  9 12  6 28  1 20 10 13  4 19 15 23.765486
2260 14 22 17 18  2  3 29 26  5  9 12  6 21  1 28  8 23 27 24 16 13 10 20  4 15 19 25  7 11 23.225451
2449 11 16 24 27 23  8 13  4 20 21  2  3 29 26  5  9 12  6 28  1 10 14 22 17 18 15 19 25  7 23.373461
2460 16 27 23 24 13 10 20  2 21  1  8 28  6  9 12  5 26 29  3 19 25  7 11 22 14 17 18 15  4 23.537472
2309  1  5  9 26  3 29  2 21 12  6 28  8 23 24 13 10 20  4 15 18 17 14 22 11  7 25 19 16 27 23.301456
2315  6  5 27 23 16 25  7 19 11 22 14 17 18 15  4 20 10 13 24  8  1 28 21  2 29  3 26  9 12 23.465465
2358 10 20  2 21 28  5 29  3 26  9 12  6  1  8 24 16 27 23 25  7 19 13  4 15 11 22 14 17 18 23.205450
2422  4 15 18 14 17 22 11 19 25  7 23 16  2 21 12  6  5  9 26 29  3 10 20 13  1 28  8 27 24 23.285455
2408  4 15 25 11 14 22 18 17 19  7 23  8 27 16 24 13 10 20 21  1 28  6 12  9  5 26 29  3  2 23.317457
2134 16 25  7 19 11 22 17 14 18 15  4 13 10 20  2  3 29 26  5  9 12  6 21  1 28 24  8 23 27 23.269454
2599 13 16 24 28 21  2 29  3 26  5  9 12  6 18 17 14 22 11  4 15 19  1  8 27 23  7 25 20 10 23.157448
2213 15 19 11 25  7 23 16 27  8  1 28  6 12  9  5 26 29  3  2 21 20 10 13 24  4 14 22 17 18 23.453465
2111 12  5 26 29  3  2 21 13 20 10  4 15 18 17 14 22 11 19 25  7 23 27 16 24  8  1 28  6  9 23.357460
2160  4 20 10 13 21  1 28  6 12  9  5 26 29  3  2 16 24  8 27 23  7 25 19 11 14 22 17 18 15 23.369461
2206 27 16 19 10  4 15 18 14 17 22 11 25  7 23  8  1 28 12  6 21  5  9 26 29  3  2 20 13 24 23.305457
2504  6 12  9  1 24  8 27 23  7 25 11 22 14 17 18 15  2 21  5 29  3 26 20 10  4 19 13 16 28 23.489467
2157  1 13 21  6 12  5  9 26  3 29  2 20 10  4 15 18 17 14 22 11 19 25  7 23 27 16 24  8 28 23.377461
2173 10 20  1 28  6 12  9  5 26 29  3  2 21 13 24 16  8 27 23  7 25 19 15 11 14 22 17 18  4 23.121446
2310 16 23  8 24 13 10 20  2 21  5  3 29 26  9 12  6 28  1 27 25  7 19 11 22 14 17 18 15  4 23.205449
2097  4 10 13 20 21  2  3 29 26  5  9 12  6 28  1 24  8 27 16 23  7 25 19 15 11 22 17 14 18 23.137446
