2378  7 25 11 22 14 17 18 15  4 19 27 13 10 20  2 21  1  6 12  9  5 26  3 29 28 24 16  8 23 24.013501
2304 18 17 22 11  7 25 19 20 10 13  1 28  6 12  9  5 26  3 29  2 21  8 24 27 23 16  4 15 14 23.773486
2486 29  3 21  1  8 24  4 13 27 23  7 25 19 11 22 14 18 17 15 16 10 20  2 28  6 12  9  5 26 23.933495
2228 19 16 23  8 27 24  1 28 21  6 12  9  5 26 29  3  2 20 10  4 13 25  7 11 22 14 17 18 15 23.945496
2395  5  9 12  6 10 21 28  1 24 16 27  8 23  7 25 14 18 17 22 11 15 19 13  4 20  2  3 29 26 24.349521
2413 24 16 23  7 25 11 22 14 17 18 15  4 10 20 19 27  1 28  2  3 29 26  5  9 12  6 21 13  8 24.097507
2352 29  3 26  5  9 12  6 28  1  2 21 13 10 24  8 27 16 23  7 25 19  4 15 11 17 22 14 18 20 24.201513
2235  3 21  6 12 28  1  8 27 24 16 23  7 25 19 11 22 18 14 17 15  4 13 10 20  2  5  9 26 29 24.141508
2224 24  8 28  1  6 12  9  5 26 29  3  2 21 20 10  4 13 27 19 15 18 14 17 22 11 25  7 23 16 24.245516
2152 20 16 13  2 21  3 29 26  5  9 12  6 28  1 24 27  8 23  7 25 19 11 22 17 14 18 15  4 10 23.845490
2495 18 13 10  2 28  1 24  8 27 23 16  7 25 19 21  6 12  9  5 26 29  3 20  4 15 11 22 14 17 24.669542
2327 25 23 27  8 24 16 13  2 10 21  1 28  6 12  9  5 26  3 29 20  4 18 17 14 22 11 15 19  7 24.829552
2262  5  9 12  6 21  2 20 19  7 25 11 22 17 14 18 15  4 10 13 24 16 23 27  8 28  1  3 29 26 24.869554
2401  6  2  3 29 18 14 17 22 11 15  4 20 10 13 19 25  7 23 27 16  8 24  1 28 21  5 26  9 12 24.921557
2366 13 16 24 27  8 23  7 25 19 10 20 18 14 17 22 15 11  4 21  1 28  6 12  5  9 26  3 29  2 25.113570
2323  5  9 12  6 28  1  8 27 24 11 14 22 17 18 15  4 19  7 25 23 16 13 10 20  2 21 26  3 29 24.649541
2389 10 20  2 21 29  3 26  5  9  6 12  1 13 19 15 18 17 22 14 11 25  7 27 23  8 28 24 16  4 24.917557
2169 21  1  8 24 28  6 12  9  5 26  3 29  2 13 16 27 23  7 25 19 11 22 17 14 18 15  4 20 10 24.761547
2263  8  1 28  2  3 29 26  5  9 12  6 21 20 10  4 15 18 17 22 14 19 11 25  7 23 27 24 13 16 24.793549
2400 25 11  4 10 16  1 28  6 12  9  5 26 29  3 21  2 20 14 17 22 18 15 19 13 24 27  8 23  7 24.637540
2346  4 18 17 14 22 11 16 13 24 27  8 23  7 25 19 15  1 21 28  6 12  9  5 26 29  3  2 20 10 24.901557
2268  9  6  5 26 29  3 21  1 28  8 24 27 16 23  7 25 19 11 22 14 17 18 15  4 20 10 13  2 12 25.013563
2214 25 11 22 14 17 18  4 20 10 13 21  2  3 29 26  5  9  6 12 28  1  8 24 27 23 16 15 19  7 24.685543
2171 13 19 11 22 14 17 18 15  4 10 20 16 25  7 23 27  8 24  1 28 12  6  5  9 26  3 29  2 21 24.765548
2331 10 18 14 17 22 11 25  7 19 15  4 20 13 16 24  8 23 27 28  1 21  6 12  9  5 26  3 29  2 24.681542
2595 29 26  5  9 12  6 28  8  1 21  3  2 20 24 16 23  7 25 19 15 11 22 14 17 18  4 10 13 27 24.617539
2435 12  1 24  8 27 16 23  7 25 19 13 21  5  2 18 14 17 22 11 15  4 10 20 29  3 26  9  6 28 24.777548
2176 11 22 17 14 18  4 16 25  7 23 27 24  8  1 28 12  6  5  9 26 29  3  2 21 20 10 13 19 15 24.725546
2413 11 22 14 18 17 15 10 20  2  3 29 26 21 13  4 16 27 24  1 12  5  9  6 28  8 23  7 25 19 24.809551
2485 25 18 22 17 14 11 15  4 19 16  7 23 27  8 24 13 10 20 29  3 26  5  9 12  6 28  1 21  2 24.813550
2500  2 29  3 26  5  9 12  6 28 27  1 21 10 20 18 14 22 17 11 15  4 19 13 24 16 25  7 23  8 24.833552
2566 28 16 19 25 11 15 17 22 14 18 10  5  6 12  9 26 29  3  2 21 20  4 13  7 23 27  8 24  1 24.761548
2671  6  8 24  4 18 14 17 22 15 11  7 25 19 16 13 10 20  2 21  1 27 23  3 29 26  9  5 12 28 24.685543
2181  5  1 28 24 13 16 27  8 23  7 25 19 11 22 17 14 18 15  4 10 20  2 21  6 12  9 29  3 26 24.881555
2640 20 15 11 19 13 16 25  7 23 27 24  8  1  6 28 21 10  4 17 14 22 18 29  3 26  5  9 12  2 24.713545
2174  1 24  8 23 27 16 13 15 18 14 17 22 11  7 25 19  4 20 10 21  2  3 29 26  5  9 12  6 28 24.641540
2252 20 18 14 17 22 11 15  4 19  7 25 16 21  2  3 29 26  5  9 12  6 28  1 24  8 23 27 13 10 26.025626
2223 19 16 25  7 23 27 13 24  8  1 28 12  6  9  5 26  3 29  2 21 20 10  4 15 17 22 18 14 11 25.417589
2242 26  5  6 28  8 27 23  7 25 16 19 11 22 17 14 18 15  4 20 10 13 24  1 21  2 12  9 29  3 24.921557
2100 28  1  8 24 27 16 23  7 25 11 22 14 17 18 15 19 13  4 10 20  2 21  3 29 26  5  9 12  6 24.621539
2710 25 16 24 21 10 11 22 17 18 14 15  4 13 19 23 27  8  1  2  3 29 26  5  9  6 12 28 20  7 25.169574
2405 13 21  1  8 24 28  6 12  5  9 26  3 29  2 23 27 16  7 25 19 15 11 22 14 17 18  4 10 20 24.789549
2379 16 25  7 19 11 22 14 18 17 15  4 10 13 27 24  8 28 21 20  2 29  3 26  5  9 12  6  1 23 24.549534
2639 28  6 12  9 26  5 21  8 27 24  1  2 29  3 20 10 13  4  7 19 15 17 18 14 22 11 25 16 23 24.701544
2146 23  7 25 16 19 11 22 17 18 14 15  4 10 20  2  3 29 26  5  9 12  6 21 28  1 13 24  8 27 24.697544
2777 13 20  2  3 29 26 21 27 16  8 24  9  5  6 12 28  1 23 25  7  4 10 14 22 17 18 15 11 19 24.957560
2731 16 13 24  8  1 28 12  6  5  2 10 20 23 27  3 29 26  9 21  4 19 15 18 14 17 22 11  7 25 24.841553
2152 19 25  7 23 27 24  8  1 28  6 12  5  9 26 29  3  2 21 20 10 13 16  4 15 11 22 14 17 18 24.809550
2164 17 14 18  4 10 20  2 21  1 28  6 12  9  5 26  3 29 13 24 16 27  8 23  7 25 19 15 11 22 25.025564
2345 11 22 14 17 18 15  4 20 29  3 26  5  9 12  6 21  2  1 28  8 23 27 24 16 10 13 25  7 19 25.281580
