2873 27  8 24 28 23 16  4 20 10 13 25 19  7 15 11 17 22 14 18  2 21  5 29  3 26 12  9  6  1 28.449778
2658  2 10  4 11 22 14 18 17 15 19  7 25 16 24 13 23 27  8 28  1 20  3 26 21  6 12  5  9 29 28.377773
2770  9 28 12  8 24 23 16  7 25 19 18 22 17 14 11 15  4 20 10 13  1 27 21  2  3 29  5 26  6 28.197762
2707 10 14 22 17 18 15 11  4 19  7 25 16 13 23 27  8 24  1  6 12 28  9 21 26  2  5  3 29 20 28.297769
2636 27 24  1 28  8 13  9 21  6 12  5 26  3 29  2 20 10 18 17 14 22 15 19  4 16 11 25  7 23 28.581787
2701 24 16 23 25  7 19 11  4 15 14 17 18 22 10 13  2 21 20 12  9  3 29 26  5  6  1 28 27  8 28.485780
2530  6  1 28  8 27 23 24 16 11 25  7 19 14 17 22 18 15  4 13 10 21 20  2 29  3 26 12  5  9 28.477780
2687 11 14 22 17 15 18 25 19  7 23 24 27 16 13  4 10 20  2  3 21 29 26  5  9 12  6  1 28  8 28.209763
2672 24 23 27  7 25 16 19  4 18 22 14 17 11 15 10 20 13  2 21  1 28  8  5 12  6  9 26 29  3 28.281767
2709  3 26 21  9  5  1 28 12  6 24 27  8 23 16  7 25 22 14 11 15 19 13 10  4 18 17 20  2 29 28.245765
