2741 18 14 15 11  4 10 20  9  5  3 26 29 21  6 12 28  2  1 13 23 27  8 24 16 25  7 19 22 17 25.497594
2696 18 22 14 17 11 15 19  4 10 20  5 26  3 29  9 12  6  1  2 28  8 21 13 24 27 23 16  7 25 25.445590
2621  2  3 29 26  9 21  5 12  6 28  1 24 27  8 16 13 23  7 11 25 18 15 19 22 17 14  4 10 20 25.473592
2655  8  1 28  6 12  9 26  5  3 29  2 21  4 10 20 17 14 22 18 15 19 11 25 24 27  7 13 16 23 25.629603
2666 16  1  8 24 13 27 23  7 25 11 17 15 18 14 22 19  4 10 20 21  2  9  3 29 26  5  6 12 28 25.541596
2960  3 29 26 17 22 11 15 14 18  4 25 19 16 13  7 23 27 24  8  1 12 28 21 20 10  5  6  9  2 25.693606
2732 18 15 22 14 17 11  4 10 21  2 29  3 20  5 26  9 12 28  6  1  8 27 16 24 13 25  7 23 19 25.553597
3005 16 27 24  4 19 15 14 22 17 18 13 20 10  2  6  3 29 26  9 12 28  5  1 21  8 25 11  7 23 25.509594
2926  8 19 25  7 23 11 16 18 14 17 22 15  4 13  1 24 27 10 20 29  2  3 26  5  9 12  6 21 28 25.629602
2749 10  4 17 18 22 14 15 20 11 19  7 25 16 13  2 29  3 26 12  6  9  5  1 28 21 24  8 23 27 25.625601
2705 27  8 23 24 16 13  2 11  7 25 19 17 14 22 18 15 10  4 20  3 29 26 21  9  5 12  6 28  1 25.833615
2879  1 21  5 29  3 26  9 28  6 12  2 20 10 11 14 13 18 22 17  4 15 25 19 16 23  7 27  8 24 25.929621
2719  6 28 24 16 27  8 23 19  7 25 15 22 14 17 18 11  4 10 20 13 21  2 26  1  3 29  9  5 12 25.841614
2890  2 29  3 26  9 10 21  5  6 12 20  1 27  8 28 16 13 24 23  7 25 19 15  4 18 14 17 22 11 25.841615
2377  3 29 26  5  9 12  6 28  1 21  8 27 24 13 23  7 25 11 19 16  4 15 18 17 14 22 10 20  2 25.845615
2645 20 10 15 14 18 17 22 11 19  4 25  7  8 13 16 24 27 23 21 12  9  6  1 28  5 26  3 29  2 25.785611
2601 24 27  8 13 25 16 23  7 19 11 22 17 18 14 15  4 10 20 28  1  6 12  5  9 21 26 29  3  2 25.753610
2663 17 22 14 18 15  4 10 13 19 11 25  7 16 24 23 27  8 28  1  9  5  6 12  2  3 29 21 26 20 25.813613
2808 15 11  4 19  7 25 14 22 17 18 16 20 10 13 23 27 24  8  1 28 26  9 12  6  5 21  3 29  2 25.789611
2832  1 13  4 10 18 19 14 22 17 15 11 25  7 23 27 16 24  8 12  6  9 28 21 26  3 29  5 20  2 25.861617
2584 12  6 26  9  5 21  3 29  2 20 10  4 11 18 17 22 14 15 19 25  7  8  1 23 27 13 16 24 28 25.829614
2590  7 25 11 22 17 18 15 14 10 13 20  4  2 26  3 29  9 12  5 21  6  1 28  8 27 24 23 16 19 25.797612
2575 28  8 23 24 27 13 16 19 25  7 11 18 22 17 14 15  4 20 10 21  2  3 26 29  5  1  9  6 12 25.705607
2902 16 27  7 25 19 22 14 17 18 11 15  4 10 20  1 13 24 21 28  6  8 23 12  5  9 26 29  3  2 25.757610
2782 16 23 27  8 25  7 19 17 15 18 22 14 11  4 10 20  2  9  5 26 21 29  3  1 12  6 28 24 13 25.789612
2567 10 20 17 15 19  4 18 14 22 11 25  7 23 27 16 13 24  8  1 28  9 21  6 12  5 29  3 26  2 25.729608
2769 12 28  6 26  3 29  9  2 21  5  8  1 27 24 13 10 20  4 15 14 17 18 22 11 19  7 25 16 23 25.769611
3172 17 14 22 18  4 15 16 11 19 23  7 25 24  5  6  9 12 28  8 29 26  3 20 10 13  2 21  1 27 26.005625
2646 16  7 25 19 15 11 14 18 22 17  4 10 20 26  2 29  3 21  5  9 12  6  1 13 28 24 27 23  8 25.837615
3196 18 11 17 15  4 16 10  2 24  1  6 21  5 26 29 20  3  9 12 28  8 27 23 19 13  7 25 14 22 25.877617
2696 20  4 18 15 11 22 17 14 25 16  7 19 13 23 27 24  8  6 28  1 12  5 26  9 29  3  2 21 10 25.773611
2877  1  8 24 28 21 12  6  5  9 29 26  2  3 20 10 19 25  7 23 16 27 15 17 18  4 11 22 14 13 25.849616
2668 12 21  5  6  9 26 29  3 20  2 18 14 22 17 11 15  4 19 10 13 25  7 27 23 16 24  8 28  1 25.909619
2500  4 18 17 22 14 15 11 19 25  7 16 27 24  8 23 13  6 12 28  1  5  9 29  3 26 21  2 10 20 25.697606
2928 14 17 11 22 13  4 18 10 15 19 25  7 27 23 16 24  8 21  2 20  1 28 12  6  5  9 26  3 29 25.853615
2764 21 28  6 12  9  1  2  5 26 29  3 20  4 13 10 18 15 17 22 14 11 25 19 27 23  7 16  8 24 25.853617
2578  4 18 15 14 17 22 11 25  7 19 13 10 21 20  2  3 29 26  5 12  6  9  1 28 16  8 23 27 24 25.941621
2492  3 26 29  2  5 21  9 12  6  1 28 24 27  8 23 16 25  7 13 15 19 11 22 14 17 18  4 10 20 26.045628
2812  9 26  5  3  2 29 21 12  6 28  1  8 27 23 24 16 13 19 10 20  4 15  7 25 11 18 22 14 17 26.033627
2665 28  6 12  5  3 29 26  9  1 21  2 20  4 15 10 14 17 22 18 19 11 25  7 16 24 23 13 27  8 25.821613
2590  3 29 26  2 21  1  5  9 12  6 28 27  8 23 16 24 13  7 25 19  4 11 15 18 22 14 17 20 10 26.173636
2768  1 24 23 27  8 16 19  7 25 10 18 17 14 22 11 15  4 13 20  6  2 28 21 26  3 29  5  9 12 26.069629
2635 11 22 14 17  4 19 18 15 20 10  2  5 21 29  3 26  6  9 12  1 28  8 23 16 13 24 27  7 25 25.705606
2665 20 10  4 18 17 14 22 15 13 11 19 16  7 25 27 24  8 23  1 28 21  9  6 12  5 29  3 26  2 26.705669
2642  4 10 20 28  5  9 26  3 29  2 12  6  1 21  8 27 24 13 16 25  7 23 19 11 22 15 14 17 18 26.337646
2574  1 24 16 23  8 27 13 19 25  7 11 18 14 22 17 15  4 20 10  2 29 26  3 12  9  6  5 21 28 26.281643
2595  2 21  3 26  5 29  9  6 12 28 24  1  8 27 25  7 23 16 19 18 17 22 11 14  4 15 13 10 20 26.029627
2689 26  6 12 21  5  9  1  8 28 24 27 23  7 25 18 16 19 13  4 15 11 14 22 17 10 20  2  3 29 26.389649
2848  8 27  1 28  6 12  9  5  2  3 26 21 29 20 22 15  4 18 14 17 11 10 13 24 16  7 25 19 23 26.101632
2711  1 28  6  5 12  9  3 29 26  2 21 10 13 20 22  4 17 18 14 15 11 19 25  7  8 23 27 16 24 26.029626
