2367  6 12  9 26  3 29  1 28  8 27 24 23  7 16 13 19 25 11 22 17 18 14 15  4 10 20  2  5 21 23.833489
2253 13 16 24  8 27 23  7 25 19 11 14 22 17 18 15 10  4 20  2 28  1  6 12  9  5 26 29  3 21 23.789487
2517 14 22 11 13 24 23  8  1  6 28  9 12  5 26 29  3 21  2 20 10  4 27 16  7 25 19 15 18 17 24.057503
2510  8 28  6  9 12  5 26  3 29  2 21  1 24 23 27 25 19 16 13 10 20  4 18 17 14 22 11 15  7 23.721482
2168 13 20 21  2 29  3 26  9  5 12  6 28  1  8 24 16 27 23  7 25 19 11 14 18 17 22 15  4 10 23.665480
2577  3  2 21  1  8 23 16 27 24 18 15 14 17 22 11 25  7 19 10  4 20 13 28 12  9  6  5 26 29 23.677480
2855 10 19 18  4 15 11 25  7 23 27 16 13 24  8 28 12  1 20 14 17 22  2 21  6  5  9 26  3 29 23.729483
2352  4 10 20 23  1 28  6 12  9  5 26 29  3  2 21 13 24 27  8 16 25  7 19 11 14 22 17 18 15 23.689481
2374  3 29 28  1  8 24 23 27 13 16 19 25  7 11 14 22 17 18 15 10  4 20  2 21  5  6 12  9 26 23.897493
2252 21  1 28  6 12  9  5 26  3 29 20  2 13 10 15  4 18 14 17 22 11 19 25  7 23 16 27  8 24 23.613476
2410 18 19 23  8 27 24  1 21 28 12  9  6  5 26 29  3  2 20 10  4 13 16 25  7 11 15 14 17 22 24.341521
2507 10  4 11 25 15 22 14 17 18 19  7 23 27 16 24  8  6 12  9  5 26  3 29  2 21 28  1 20 13 24.129508
2173 20 10 18 17 22 14 11 15  4 13 19 16 25  7 23 24 27  8  1 28  6 12  9  5 26 29  3  2 21 24.121508
2445 15 18 17 14  4 10 20 24  1  2 21 26  3 29  5  9 12  6 28  8 23 27 16 13 19 25  7 11 22 24.157509
2656 25 19 23 16 13 24  2 21  1  8 28  6 12  9  5 26 29  3 20 27 10  4 15 18 22 17 14 11  7 24.093506
2431  7 25 19 11 15 22 17 14 18  4 10 20 13 24  1 21  5 12  6 26  9 29  3  2 28  8 27 16 23 24.461529
2559 15 16  8 27 24 23 25  7 11  4 13 21  1 28  6 12  9 26  5  2  3 29 20 10 19 14 22 17 18 24.253516
2236 19 18 14 17 22 11 25  7 15  4 13 10 20  2 29  3 26  5  9 12  6 28  1 21 24  8 23 27 16 24.333520
2510 24  1 28  6 12 20 10 21  5  9 26  3 29  2 13 16 27  8 23  7 25 19  4 17 22 18 14 15 11 24.105507
2251 12  6  9  5 26  3 29  1 21  2 20 10  4 18 14 17 22 11 15 19 25  7 16 13 24 27 23  8 28 24.285518
2310  6 28  8 24 27 13 19 11 22 14 17 18 20 10  4 15 16 25  7 23  1 21  2  3 29 26  5  9 12 24.021501
2342 15 11 22 18 17 14 20 10 13 27  1 28  6 12  9  5 26 29  3  2 21 24  8 23 16 25  7 19  4 24.281518
2265  2 21 20 10 13  4 19 15 18 17 22 14 11 25  7 23 27  8 16 24  1 28  6  9  5 12 26 29  3 24.265517
2341 25 11 15 14 22 17 18 19 13 27 24  4 10 20  2 21 29  3 26  5  9 12  6 28  1  8 23 16  7 24.009500
2778 24 10 20  4 27 16 19  7 11 25 14 22 17 18 15 23 13 21  2 29  3 26  9  5 12  6  1 28  8 24.477530
2597 22 19 25  7 23 16 27 24  4 20 13 10 21  8  1 28 12  6  9  5 26  3 29  2 15 11 14 17 18 24.349522
2264 13 21  2  3 29 26  5  6 28  9 12  1 24  8 27 23 16  7 25 19 11 22 17 14 18 15  4 10 20 24.273518
2338 18 14 11 22 17 19 21  2 29  3 26  5  9 12  6 28  1 24 27  8 23  7 25 16 13 20 10 15  4 24.749546
2369 28  8 27 24 23 16 25  7 19 15  4 10 13 11 14 17 22 18 20 21  2  3 29 26  5  9  6 12  1 24.469530
2429 10 18 17 14 22 11 15  4 19 25  7 23 27 16 24  8  1 21 13 20  2  3 26 29  5  9  6 12 28 24.449527
2413 10 20  2 21  3 29 26  5  9 12  6 28 24  1  8 27 23 16  4 14 22 18 17 15  7 25 11 19 13 24.229515
2223  8 27 24  1 28 21  6 12  9  5 26  3 29  2 20 10  4 13 16 19 15 14 18 22 17 11 25  7 23 24.265516
2553 28  1  8 16 24 23  7 25 27  3 29 26 21 13 19 15 11 22 17 14 18  4 10 20  2  5  9  6 12 24.521533
2528 10 23 27 28  9 12  6  5 26 29  3  2 20 13 24 21  1  8 16  7 25 19 11 22 17 14 18 15  4 24.057503
2391  6 28 13 20  1  8 24 27 23 16 19  7 25 11 14 22 17 18 15  4 10  2 21  5  3 29 26  9 12 24.169510
2872 21  8 27 24 15  4 17 22 18 14 10 20  2  5  9  6 12 28  1  3 29 26 11 19 25  7 23 16 13 24.717544
2463 14 11 19  7 23  8 27 24 13 20 21  2  3 29 26  5  9 12  6  1 28 16 25  4 10 15 22 18 17 24.317520
2497 14 11  7 25 19 15  4 24 13 16 23 27  8 28  1 21  2 10 20  3 29 26  5  9 12  6 18 17 22 24.357523
2341 18 14 17 22 11 15  4 20 13 19 16 25  7 23 24  8 27  1 28  6 12  9  5 21 26  3 29  2 10 24.273517
2283 28  6 12  5  9 26  3 29  2 20  4 15 17 18 14 22 11  7 25 19 16 23 27 24  8 13 10 21  1 24.445528
2493 17 22 14 19 13 27  8 28 24  1 12  5  9  6 26 29  3 21  2 20 10  4 16 23  7 25 11 15 18 24.321520
2603 18 17 22 14 13 24 28  8 27 16 23  7 25 19 11 15 10  4 20 21  2 26 29  3  5  9 12  6  1 24.645541
2520 16  7 25 19 11 22 17 18 14 15  4 29  3 26  9 12 28  5  6  1 21 13 10 20  2 24  8 27 23 25.829615
2295 27  1 28 12  6  5  9 26 29  3  2 21 24 23  8 16 19  7 25 11 22 17 14 18 15  4 20 10 13 24.605537
2158 12  6 28  1 24 16 13  8 27 23  7 25 19 15 11 14 22 17 18  4 10 20 21  2  3 29 26  9  5 24.257517
2447  4 15 18 14 17 22 11  7 25 19 16 10  2  3 26 29  9  5 12  6 21  1 28  8 24 23 27 13 20 24.445528
2605 22 19  7 25 16 27 10  2 21  3 29 26  5  9 12  6  1 28 23  8 24 13 20 11 15  4 18 17 14 24.209512
2327 25 16 27 23 24  8  1  3 29 26  9  5 12  6 28 21  2 13 20 10  4 19 15 18 17 14 22 11  7 24.425528
2272 19 16 27 10 20 13 21  2  3 29 26  9  5 12  6 28  1  8 24 23  7 25 11 14 22 17 18 15  4 24.173510
2426 20 10  4  7 25 19 11 22 17 14 18 15 13 16 23 24 27  8  1  2 21 12 28  6  9  5 26 29  3 24.137509
