3157 13 19 22 18 11 14 17 20  4 15 25  7 23 24 27 16  8 28  1 10  2 29  9  5 26 21  6 12  3 28.717794
2994 10  4 20 15 18 22 14 17 25 11  7 19 13  8 27 16 23 24 21 12  1  6  5  9 28  2 26 29  3 28.713795
2850  7  8 27 24 23 16 13  9  5 26 21 12  6 28  1 29  3  2 10 20  4 14 22 18 11 15 17 19 25 29.133821
2973 20 10  3 26 29  2  5 12  6  9 13 24 21 28  1 27  8 23 25 15 11 16  7 19 14 17 22 18  4 28.821802
3118  3 29 26  9  5  6  2  1 28  8 13 20 12 21 10 23 27 24 16  7 25 19 11  4 22 17 18 14 15 28.929808
3137  8 28 23 24 27  5 26  9 12  1  6  3 29  2 20 21 13  4 10 18 17 14 11 22 16 15 19 25  7 28.941808
3072 10  4 15 18 17 14 11 22 19  7 16  8 25 23 27 24 13 20  2  1 12  9  6  5 29  3 21 26 28 28.949810
2905 19 16 25  7 11 22 14 17 18 15  4 10 20 29  2  5 26  9  8 13  3 21 28  1 12  6 24 27 23 28.941808
3051  2  3 29  9  5 12  6 26 21  1 24 28 13  8 23 27  4 15 10 19 11 16  7 25 14 17 18 22 20 28.873805
3093 15 14 17 22  7 16 19 18  4 11 25 10 13 20 23 27  8 24  1 21  5  9 29  3 26 12  6 28  2 28.817801
3054  5  9 26  2 29  3 21 24  8 28  1  6 12 10 27 23 16 13 20 19 25  7 17 15 11 22 18 14  4 29.045815
2976 29  3 26 28  9  5 12  6  2 21  1  8 16 27 24 23 13 19 20  4 10 18 15  7 25 11 22 14 17 29.077817
3174 19  4 14 22 15 17 18 11  7 16 10 20 25  8 13 24 27 23 28  6 12  9 26 21  2  3 29  5  1 29.077818
3243  1  8 27 24 16 23 25  7 11 10 20 15 19 14 17 18 22  4 26  6 28 12 13  5 21 29  3  9  2 29.257828
3084 20 21  9 29  3  5  6 12 26  2  1 28 16 24 23 27  8 19 15  4 22 18 10 13  7 25 11 17 14 29.117819
3023  9  3 26 29  1 28 12  6 21 20  5  2 10  4 13  8 27 16 24 23 19  7 25 11 14 18 17 22 15 29.301832
3016  5  3 29 26  9  2 21  1 12  6 28  8 23  7 25 24 27 20 18 17 11 15 14 22 16 10 19  4 13 29.329832
3006 18 17 14 22 11  4 15 19 25 16  7 13 23  8 27 24 10 20 26 21  5  6 12 28  1  2  9 29  3 29.193825
2887 21  2  3 26 29  9  5 12  1  6 28 27  8 23 24 16 13  7 25 19  4 20 11 10 15 22 17 14 18 29.313832
2900 10 18 22 17 14 15  4 25 11 19 13 16  7 23 28  1  8 24 27  3  5 12  9  6 26 29 21  2 20 29.265829
3158  4 22 14 17 11 19 15 18 25  7 16 13 10 20  5 27 23  8  1 24 28  9 12 21  6 26  3  2 29 29.041815
3007  9  3 29  2 26  5 12  6 21 13 24  1 28  8 10  7 23 27 16 25 19  4 14 18 22 17 15 11 20 29.117819
2964 29 21 28  9 26  5  3  2  6 12  1 13 24 16 19 27  8 23 25  7 15 18  4 11 22 17 14 10 20 29.245827
2768  3  5 26 29  2 21  1 12  6 28  9  8 13 24 27 23 16 19 25  7 22 11 18 17 14 15  4 10 20 29.229827
3026 15 22 11 14 17 18 20 19 16 10  4  7 25 27 23 13 24 28  8  6  9 12  1  2  3 29 26  5 21 29.333834
3231  7  1 16 24 25 23 27  8 28 26  6 12  9  5  2 21  3 29 10 20 19 13 15  4 22 11 14 18 17 29.029813
3059 10  4 14 18 22 17 11 19  7 15 25 13 24  8  6  1 23 16 27 28 21 26  5 12  9  2 29  3 20 29.085818
3069 28  2 29  9  3 26  5  6 12 21  1  8 24 27 23  7 25 16 10  4 15 22 14 11 13 20 19 17 18 29.221826
3083 21 12  9  2  5 26  3 29  6  1 28 27  8 16  7 23 25 24 19 10  4 13 11 17 22 18 14 15 20 29.253828
3184  4 18 17 11 14 15 22 13 10 19  7 16 25 23 27 24  1 12  2 21  8  6 28  5 26  9 29  3 20 29.089817
3204 21 26  9  6 12  8  2 13 28  1 24 16  7 19 23 27 25 11 14 22 17 10 18 15  4 20  5  3 29 29.081818
3016  2  6 12  5  9 29 21 26  3  8  1 28 24 27 23 16 13 20  7 25 19 10 15  4 11 14 17 22 18 29.129821
3132  3 29 26  5 12  2  9  6 28 21  1 25 24 27 16 13  8 23  7 19 15 11 20 22 18 14 17  4 10 29.209826
2973  5  9 26  3 29  2 21  6 28  1 24 13  8 23 12 27  7  4 16 25 19 15 18 17 14 22 11 10 20 29.137820
3183 24  8  6 28  5 12  1  3  9 26 21 29  2 13 20 18  4 11 22 10 15 14 17 19 25  7 23 27 16 29.089819
3236 11  4 19 17 14 22 18 10 15 16 25  7 23 27  8 13 24  1 26 21  6 28 12 20  3 29  2  5  9 29.057816
2889 10  4 11 22 17 18 14 25  7 15 19 16 24 13 27 23  8 20  2  1 12 28 21  6  9  5 29  3 26 29.213826
3531 20 25 27  8 13 23 24  7 16  1 28 12  3 26  9  5 29  2 10  4 19  6 21 18 17 22 14 15 11 29.153822
2872  6 12  5  9  2 13 29 26  3 21 28  1 16 27  8 24 23  7 25 11 10 18 14 17 22 19 15  4 20 29.069817
2986  2 26  3 29  9  5 21 12  6  1 28  8 23 13 24 27  7 16 10 20  4 15 19 18 14 11 17 22 25 29.049815
2745 24  8 23 13 27 16 25  7 19 10 11 17 22  4 15 18 14 20 29  3 26  2 21  5  9 12  6  1 28 30.449904
3249 22 18 14 17 11 24 13 27  7 23 16 19 25  4 15  8 28  6  2 10 20 21  1 12  9  5 29 26  3 30.549909
3219 29  3 26 28  6  5 12  2 20 21  9  1  8 24 16 27 23 13 25 19  4 15 10  7 11 18 22 14 17 29.133821
3042 26 29  3  9 12 21  6  2 28  1  5 24 27  8 16 23 13 10 15 22 14 17 18 25  7 19 11  4 20 29.293831
2887  6 12  9  5  3 29  2 21 26 28  1 27  8 13 24 16 23 25  7 14 22 17 15 18 11  4 19 20 10 29.569847
2987 20 10  2 21 26  5 12  6 13 29  9  3  1 24 28 23 16 27  8  7 25 19 11 15 18 17 22 14  4 28.985812
3170  2  6 28  5 12 26 29  9 21  1 24  8 13  3 20 10  4 23 27 16 25  7 19 11 17 14 22 15 18 29.245828
3111  8 27 24 16 19 15 23 25  7 18  4 11 14 17 22 10 20 13 12  9  5 21  6 28 29  3  2 26  1 29.237826
3009  2 20 29 26 21  5  3  6  9 12 28  1  8 24  7 25 16 23 27  4 10 13 19 14 22 18 17 11 15 29.077818
3143 18 14 22 17 15  4 19 11  7  8 25 13 16 27 23 24 28 21 10 20  1 12  6  2  9 26 29  3  5 29.029813
