2313 28  6 21  2 20 11 22 14 17 18 15 19 25  7 23 27  8 24 16 13  4 10  3 29 26  5  9 12  1 22.073380
2436 21  2  3 29 26  5  9 12  6 28 20 10  4 13  1 24 27 23 19 15 18 17 14 22 11  7 25 16  8 22.125382
2783 23 27 24 16 19 22 11 25  8  1 13 15  4 10 28  6 12  9  5 26 29  3  2 21 20 18 17 14  7 22.133383
2305 14 17 13 16 23 27  8 24  1 28  6 12  9  5 26 29  3  2 21 20 10  4 18 22 11 25  7 19 15 22.225389
2733 26  5  9  6  1 21  2 13 16 24 27 23  7 25 19  4 15 11 22 14 17 18 29  3 12 28  8 10 20 22.069379
2567 19 13 10  3 29 26 24 16  7 23 27  8  1 28  6 12  9  5 21  2 20 15 25 11 22 14 17 18  4 22.197388
2551  4 15 14 22 17 18 20 21  9 12  6 28  1 24 13 16 19 11 10  2  3 29 26  5  8 27 23  7 25 22.457404
2600 12  2 29  3 26  5  9 19 15 11 22 14 17 18  4 20 10 13 24  8 27 23  7 25 16  1  6 28 21 22.081380
2187  1 28  6 12  9  5 21 26 29  3  2 20 10 13 19  7 25 11 22 14 17 18 15  4 16 24 27 23  8 22.449403
2510 20 13 27 24  2  5  9 26  3 29 18 17 14 22 11 15  4 19 16 25  7 23  8  1 28 12  6 21 10 22.109382
2237  5 12  6 28  1  8 27  7 25 19 11 22 14 17 18 15  4 16 23 24 13 10 20 21  2  3 29 26  9 22.601412
2534 15 11 25 19 13  2  5  9 12  6 28  1  8 27 24 21 26 29  3 20 10 16 23  7  4 18 17 22 14 22.445403
2372 29  3  5  9 12  6  1 21  2 20 10 13 15 11 22 14 17 18  4 19 16 27 23  7 25 24  8 28 26 22.121382
2301  6  5 26 29  3  2 21 20 10  4 13 16 24 27 23  7 25 19 15 18 17 14 22 11  8  1 28 12  9 22.105382
2795 10  6  5 26 29  3  2 20 21  9 12 28  1  8 24 13  4 17 18 16 27 23 19 15 14 22 11  7 25 22.269392
2332 12  6  1 24 16  8 28  5 21  2 13 27 23  7 25 19 15 11 22 14 17 18  4 10 20  3 29 26  9 22.393400
2571 24  8  6 12  9 26  5 28  1 20 15 18 14 17 22 11 19 25  7 23 27 16 21 29  3  2 10  4 13 22.529408
2720  4 22 11 19 24 27  8  1 21 13 10 18 17 14 15 25  7 23 16 20 28  6 12  9  5 26 29  3  2 22.469405
2331 28 12  6  1 24 21 20  2  3 29 26  9  5 10 13 16 19  4 15 18 17 14 22 11 25  7 23 27  8 22.497406
2731 26  9  4 15 19 25  7 23 27  8 21 24 16 11 22 14 17 18 13 10 20  2 29  1 28  6 12  5  3 22.477404
2486  1 24 13  4 19 16 27 23  7 25 14 18 17 22 11 15 20 10  8 28  2  3 29 26  5  9 12  6 21 22.401401
2660 18 17 22 14 15  4 10 12  6  8 24 27  7 25 11 19 16 23 28  5  9 26 29  3  2 21  1 13 20 22.821426
2399 28  6 12  9  5 26 29  3  2 21 20 10  4 15 14 11 19 13 16 27 23  7 25 22 17 18 24  8  1 22.293394
2764  5 24  8 23  7 25 19  4 16  1 28  6 12  9 15 18 17 14 22 11 27 13 10 20  2  3 29 26 21 22.389399
2262 25  7 23 16 27  8 28  1 24 13  4 10 20 21  6 12  9  5 26 29  3  2 19 15 18 17 14 22 11 22.509407
2237 21 28  6 12  9  5 26 29  3  2 20 18 17 14 22 11 15  4 19 16 25  7 23 27  8  1 24 13 10 23.193450
2244 27 23  7 25 19  4 15 18 17 14 22 11 20 10 13 16 24  8 28  1 21  2  3 29 26  5  9 12  6 22.189386
2466  2  1  8 27 23 16 24 28 12  6 10 13 19  7 25 11 22 14 17 18 15  4 20  5  9 26 29  3 21 22.469405
2331  7 25 19 13 24  1  8 27 15 11 22 14 17 18  4 10 20 21  2  3 29 26  5  9 12  6 28 16 23 22.425401
2478 19 13 12  6  9 26 29  3  5 28  1 21  2 20 10  7 25 11 22 17 14 18 15  4 24  8 27 23 16 22.665416
2661 18 15 11 19 25  7 23 27 16  4 14 22 17  9 26 29  3  2 21  1 24  8 28  6 12  5 13 10 20 22.497406
2304  9 26 29  3  2 20 13 24 23 16 19 10  4 15 18 17 14 22 11 25  7 27  8  1 28 12  6 21  5 22.625413
2206  1 24  8 27 23 16 13 25  7 19  4 15 18 17 14 22 11 10 20 21  2  3 29 26  5  9 12  6 28 22.585411
2381  3 26  2  1 28  6 12  9  5 21 10 24  8 27 23  7 25 11 14 22 17 18 15 19 16 13  4 20 29 22.393400
2687 23 16 25 19 11 22 17 18  4 21  9 26 29  3  2 20 10 14 15 13  5 12  6 28  1  8 24 27  7 22.569411
2201  5  6 28 13 20 10  4 15 18 17 14 22 11 19 25  7 23 27 16 24  8  1 21  2  3 29 26  9 12 22.349397
2357 12 28 21 24 27 23 16 13 20 10  4 11 22 14 17 18 15 19 25  7  8  1  2  3 29 26  5  9  6 22.333395
2706 21  2  7 25 15 18  4 10 20  3 29 26  9  5 17 14 22 11 19 13 16 27 23 24  8  1 28  6 12 23.657479
2573  3 20 13 16 27 24 21  2 12  6 28  1  8 23  7 18 17 22 14 11 25 19 15  4 10  5  9 26 29 22.581410
2688 23 16  8 28  6 12  9  5  2 21  1 24 27 13  4 15 22 14 18 10 20  3 26 29 17 11 19 25  7 22.233390
2553 13 10 18 17 14 22 11 15 24  1 28  6 12  9  5 26 29 21  8 27 23  7 25 16 19  4 20  3  2 22.269391
2727 23  7 19 10 20  1 26 29  3  2 18 17 14 22 11 25 27 16 15  4 13 21  5  9 12  6 28 24  8 22.549409
2777 24 27  4 17 22 11 19 16 25  7 23  8 13  2  3 29 18 14 15 10 20 26  5  9 12  6 28  1 21 22.445402
2339  7 25 11 19 13 10 20 18 17 22 14 15  4  2 21  1 28  6 12  9  5 26 29  3 24 16 27  8 23 22.245390
2830 19 18 22 11  7 25 16  1 12 13  4 14 17 20 21 24 27 23  8 28  6  9  5 26 29  3  2 10 15 22.417401
2154 10  4 11 22 14 17 18 15 19 25  7 23 27 16 24  8  1 21  2  3 29 26  5  9 12  6 28 13 20 22.397400
2926 20 21 28 12  5 29  2 13  4 15 11 25 19 24  1  6  9 26  3 18 17 22 14  7 23  8 27 16 10 22.437402
2908  4 10 20 27 23  8  6  9  5 29  2 21 16 24 28  1 12 26  3 13 19 18 17 14 22 11 25  7 15 22.145385
2666  8 28  1  3 21 13 10 18 17 22 14  4 20  6 12  9  5 26 29  2 15 11 19 16 25  7 23 27 24 22.325394
2486  8 24 16 19 13 21  5  9 26 29  3  2 20  4 15 18 17 14 22 11  7 25 10 12  6  1 28 23 27 22.609413
