2121 11 25  7 23 27  8 24 16 13  1 28 12  6  9  5 26  3 29  2 21 20 10  4 19 15 18 17 14 22 23.149447
2415 10 20  3 21 29 26  5  9 12  6 28  1  8 27 24 16 19 15  4 18 14 17 22 11 25  7 23 13  2 23.329459
2369  3 26  5  9 12  1 21  4 15 11 22 17 14 18 19 25  7 23 16 27  8 24 28  6 13 10 20  2 29 23.285455
2246 25  7 23  8 27 16 13 21  2 29 26  3  5  9 12  6 28  1 24 19 20 10  4 15 18 17 14 22 11 23.245453
2261 21  2 20 29  3 26  5  9 12  6 28  1  8 24 16 13 10  4 19 15 17 18 14 22 11 25  7 23 27 23.185449
2311  2 20 10 19 13 16  8 24 27 23  7 25 11 22 17 14 18 15  4 21 29  3 26  9  5  6 12 28  1 23.369461
2390 13 19 11 25  7 16 23 27  8 24 10  4 15 17 14 22 18 20 21  1 28  6 12  9  5 26 29  3  2 23.301456
2447 19 23 27  8  1 21  2  3 29 26  9  5 12  6 28 24  7 16 13 10 20  4 15 17 18 14 22 11 25 23.041439
2436  8 23  7 25 17 22 14 18 15 29  3 26  5  9 12  6 28  1 21  2 20 10 11 19  4 13 24 16 27 23.541472
2385 29 26  3  2 21 28  1 24 13  4 20 10 17 14 18 22 11 15 19 25  7 23 16 27  8  6 12  9  5 23.233452
