2276 11 15 19 25  7 23 27 24  1 21  6 12  9  5 26 29  3  2 20 28  8 16 13 10  4 18 17 14 22 22.289393
2472 24 27 23  7 25 14 22 17 18  4 13  5 26  9 12  6 28  1  8 16 19 11 15 10 20  2  3 29 21 22.433402
2259  8  1  3 29 26  5  9 12  6 28 21  2 20 10  4 18 17 14 22 11 25  7 23 27 16 19 15 13 24 22.409401
2394  8 27 16 25  4 15 11 22 14 17 18 20 10 19  7 23 24 13  6 12  9  5 26 29  3  2 21  1 28 22.517407
2304 13  1 28 12  6 21 10 20  2  3 29 26  9  5 24  8 27 16 23  7 25 19 11 22 17 14 18 15  4 22.657416
2304 13 24 27 23  8 28  3 29 26  5  9 12  6  1 21  2 20 10 18 14 17 22 11 15  4 19  7 25 16 22.665417
2659  4 18 11 19 25  7 23 27 16 24  8 12 10 17 22 14 15 13 21  1 28  6  9  5 26 29  3  2 20 22.425401
2367 23  7 27  8  1 21  6 12  9  5 26 29  3  2 20 10 13  4 18 17 14 22 11 15 19 25 16 24 28 22.513408
2388 29  3  5  9 12  6 21  2 20  4 15 18 17 14 22 11 10 13 24  1 28  8 27 23  7 25 19 16 26 22.649415
2212  2 21  6 12  9  5 26 29  3  1 28  8 24 27 16 23  7 25 11 14 22 17 18 15 19  4 13 10 20 22.597412
