2279 11 15 19 13  4 10 20  2 21  6 12  9 26  3 29  5 28  1  8 24 16 27 23  7 25 18 14 17 22 22.789424
2343 20  4  7 25 11 22 14 17 18 15 10 13 19 16 27 23  8 24  1 21  2  3 29 26  5  9 12  6 28 22.877430
2373 13  4 20  1 28  5  3 29 26  9 12  6 21  2 10 18 17 14 22 11 15 19 25  7 23 27  8 24 16 22.809425
2340 28 12  6  5  9 26 29  3  2 21 10 13 24  1  8 27 16 23  7 25 19  4 15 11 22 14 17 18 20 22.641415
2692 12  2 20 13 24 27 23 16 10  4 15 19 25  7 11 22 17 14 18  8  1 28  6 21  5  9 29  3 26 23.093443
2463 24 27  7 11 15 14 22 17 18 10 13 19 25 16 23  8  1 28  6 12  9  5 26  3 29 21  2 20  4 23.105444
2156 28  6 12  9  5 26 29  3  2 13 10 20  4 18 17 14 22 11 15 19 25  7 23 27 16  8 24 21  1 22.897432
2145 19  4 15 18 17 14 22 11  7 25 13 10 20 21  2  3 29 26  5  9 12  6 28  1 24  8 23 27 16 22.993437
2144 11 22 14 17 18 15  4 10  2 21  1 28  6 12  9  5 26  3 29 20 13 24 16 27  8 23  7 25 19 22.733421
2060 20 10  4 15 18 14 17 22 11 19 25  7 23 16 27  8 24 13 21  1 28  6 12  9  5 26  3 29  2 22.717420
