2199 24 16 27 23  7 25 19 13 20 10  4 15 11 22 17 14 18  2  3 29 26  5  9 12  6 21  1 28  8 23.077442
2370 14 17  4 10  3 29 26  5  2 20 13 21  9 12  6 28  1 24 16 27  8 23  7 25 19 11 15 18 22 23.089443
2312 26 29  3 12 28  8 24 27 16 23  7 25 19 15 11 22 17 14 18  4 13 10 20  2 21  1  6  9  5 23.361460
2513 25 19 15 17 13 24  1 28  8 23 27 16 20  2  3 29 26  5  9 12  6 21 10  4 18 14 22 11  7 23.249454
2358 27  8 21  2  5  9 26 29  3 20 10  4 15 18 17 22 14 11 19  7 25 16 13 12  6 28  1 24 23 23.885493
2317 11 22 17 14 18 15 19 16  8 23 27 24 13 20  1 28  6 12  9  5 26 29  3  2 21 10  4 25  7 23.473467
2386 22 18 15 11 19 25  7 23 16 27 24  8  1 13  4 10 20  3 29 26  5  9 12  6 28 21  2 14 17 23.277454
2305 14 17 22 11 15  4 20 13 19 25  7 23 16 24 27  8 28  1 29  3 26  5  9 12  6 21  2 10 18 23.221451
2330 17  4 15 11 25  7 13 21  2  3 29 26  5  9 12  6 28  1  8 27 23 24 16 19 10 20 18 14 22 23.189449
2403 17  2 21 28 12  6  9  5 26 29  3  1 24 27  8 16 23  7 25 19 13 10 20  4 15 11 22 14 18 23.149448
2206  2 21  1 28 12  6  9  5 26 29  3 20 10 13 16 24  8 27 23  7 25 19  4 15 11 22 17 14 18 23.453466
2188 23  7 25 19 16 13 10  4 15 11 22 14 17 18 20  2  3 29 26  5  9  6 12 21  1 28  8 27 24 23.605474
2536 18 15 13 10 20  2 21 12  6  9  5 26  3 29 14 17 22 11 19 25  7 23 27  8 24 28  1 16  4 23.569473
2370 29 26  5  9 12  6  2 21  1 28  8 27 24 23 16 13 20 15 19  7 25 11 22 17 14 18  4 10  3 23.633477
2380  4 21 26  3 29  2 20 10  5  9 12  6 28  1  8 24 23 27 13 16 19 25  7 11 22 14 17 18 15 23.493469
2227 25  7 19 16 24 28  1  6 12  9  5 26  3 29  2 21  8 23 27 13 10 20  4 15 18 17 14 22 11 23.333458
2442 27  2  3 29 26  5  9 12  6 28  8 21 20 10 13 19 15  4 18 17 14 22 11 25  7 23 24  1 16 23.289456
2410  2 21  4 27 23  7 11 22 14 18 17 15 10 20 13 19 25 16 24  8  1 28  6 12  9  5 26 29  3 23.229452
2071 10  4 15 18 17 22 14 11 19 13 16 25  7 23 27 24  8  1 28  6 12  9  5 26  3 29  2 21 20 23.473467
2762 16  8 23 27 20 10  4 13 19 14 17 18 22 11 25  7 15 21 28  1  9 12  6  5 26 29  3  2 24 24.273516
2344 16 25  7 19 20  4 15 11 22 17 14 18 10  2  3 29 26  5  9 12  6 21 28  1  8 23 27 24 13 23.757485
2506  5 21  2 13  4 15 19 23 27  8 24 16 18 17 14 22 11  7 25 10 20  1 28  6 12  9 29  3 26 23.361460
2387 15 18 17 14 22 16 24  8 27 23  7 25 19 11  4 20 10 13 21  2 29  3 26  5  9 12  6 28  1 23.209451
2199 29 26 20 13 10  4 15 18 14 17 22 11 19 25  7 23 16 27 24  8  1 28 12  6  9  5 21  2  3 23.341459
2380 19 15 16 27 24 13 10 20  2 21 29  3 26  5  9 12  6 28  1  8  4 18 17 14 22 11 25  7 23 23.641477
2485 21  2 20 10  4 13 27 12  9  5 26  3 29 18 14 17 22 11 15 19 25  7 23 16 24  8  1 28  6 23.625477
2235  1 28  8 24 27 23  7 25 19 13 16  4 11 22 18 17 14 15 10 20 21  2  3 29 26  5  9 12  6 24.173511
2531  8 27 10 12  9  5 26 29  3  1 28  6 21  2 20 13  4 15 19 18 17 14 22 11 25  7 23 16 24 23.609476
2609 13 18 19 16  4 10 20  2 21  6 28  8 24 27 23  7 25 11 22 17 14 15 29  3 26  5  9 12  1 23.681480
2192 22 14 18 20  2 29  3 26  5  9 12  6 28  1 21 13 10  4 19 16 24  8 27 23  7 25 11 15 17 23.525470
2696 17 18 14 15 11 19  7  4 10 21  5  9 12  6 13 24 16 25 23 27  8 28  1 26 29  3  2 20 22 23.713482
2247 14 10 20  2 21  3 29 26  5  9 12  6 28  1  8 27 24 13 16 23  7 25  4 19 15 11 22 17 18 23.653478
2272 15 11 19 25  7 23 27  8 24 16 13  6 12  9  5 26 29  3  2 21 28  1 10 20  4 18 17 22 14 23.461466
2257 19 15 18 17 22 14 11  4 10 20 13  1 28  6 21  2  3 29 26  5  9 12  8 24 16 27 23  7 25 23.817488
2297 20  2 21  5  6 12  9 26 29  3  1 28  8 24 16 27 23  7 25 11 19 13 10  4 15 22 17 14 18 23.421464
2278 21  2  3 29 26  5  9 12  8 27 16 24 23  7 25 19 11 15 14 22 17 18  4 20 10 13  1 28  6 23.469467
2295  1 28 12  6  9  5 26  3 29  2 21 20  4 10 13 24 16 19 25  7 11 22 14 17 18 15 27 23  8 23.633476
2348 17 14 22 11 25 19 16 27  8 24 13 21  2 29  3 26  9  5  6 12 28  1 23  7 20 10  4 15 18 23.757485
2379 21  5 12  6 28  1 24 23 27  8  9 26  3 29  2 13 16 19 25  7 11 22 14 18 17 15  4 10 20 23.549472
2046  2 20 10 13 16 19  4 15 18 17 14 22 11 25  7 23 27  8 24  1 28  6 12  9  5 26 29  3 21 23.717483
2239 25  7 23 27  8 24 16 11 22 14 17 18 15  4 13 10  3 29 26  5  9 12  6 28  1 21  2 20 19 24.277516
2289 18 17 22 14 11 15  4 19 16 25  7 23 27 24 13 10 20  2 21  1  8 28  6 12  9  5 26 29  3 24.265516
2115 14 11 19 25  7 23 27 16 13 24  8 28  1 21 12  6  9  5 26 29  3  2 20 10  4 15 18 17 22 24.361522
2316 24 27  8  1 28 12  6  5  9 26 29  3  2 21 13 16 23  7 25 19 11 22 15 17 14 18  4 20 10 23.493468
2125 23  7 25 19 11 22 17 14 18 15  4 20 10 13  8  1 21  2  3 29 26  5  9 12  6 28 24 16 27 23.285456
2159 10 21  2  3 29 26  5  9 12  6 28  1 20 13 16 27 24  8 23  7 25 19 11 22 14 17 18 15  4 23.509469
2499 13 12  6  5  2 10  4 15 11 14 22 17 18 20 29  3 26  9 21 28  1  8 27 24 16 23  7 25 19 23.825489
2343 16 24  8  1 28 12  9 29  3 26  5  6 21  2 20 10 13 19 27 23  7 25 11 14 22 17 18  4 15 23.421464
2368 15 18 17 14 22 11 19 16 25  7 23 24  1 13 10  4 20  2 21  3 29 26  9  5  6 12 28  8 27 23.233452
2343 15 11 22 17 14 18 13  1 28 21  2  3 29 26  5  9 12  6 20 10  4 19 25  7 23  8 24 27 16 23.497468
