2228 18 10 20  2  3 29 26  5  9 12  6 21  1 28  8 24 27 23 16 13  4 19 25  7 11 15 14 22 17 22.821427
2201  8 24 11 22 14 17 18 15 19 25  7 23 27 16 13  4 10 20  2  3 29 26  5  9 12  6 21  1 28 22.821426
2213 21  2  3 29 26  5  9 12  6 28  1  8 23 27 24 13 10 20 18 17 14 22 11 15  4 19  7 25 16 22.685417
2503  8 28  1 21  3  2 20 10 11 22 14 17 18 15  4 19 13 29 26  5  9 12  6 24 23  7 25 16 27 22.793424
2328 27 16 24  1 21 26 29  3  2  8 28  6 12  9  5 13 10 20  4 15 18 17 14 22 11 19 25  7 23 22.773424
2360 18 17 14 22 11 15  4 19 25  7 23 16 13 10 20  2 21 12  1 24 27  8 28  6  9  5 26  3 29 22.761422
2474  6 28 24 13 10 16 27  8 23  7 25 19  4 15 18 17 14 22 11 20 21  1 12  9  5  2 29  3 26 23.285456
2591 18 14 17 22 11 15 19 20  5  6 12 28  1 24 27 13 21  2 29  3 26  9  8 23  7 25 16 10  4 23.193449
2224  5  9 12  1 21  2 20 10  4 18 17 14 22 11 15 19 25  7 23 27 16 13 24  8 28  6 26 29  3 23.269455
2239  7 25 11 22 14 17 18 15  4 19 13 10 20  2 21  8 28  6 12  9  5 26 29  3  1 24 16 27 23 22.913431
2774  1 28 23 16 19 20  2  3 29 26 24  8 27 10  4 15 11 22 17 18 14 25  7 13  6 12  9  5 21 24.025502
2261 10 13  4 15 18 14 17 22 11 19 25  7 23 16 27 24  8 28  1 21  2 20  6 12  9  5 26 29  3 23.513469
2487 26  9 12  6 21  1 28  8 24 27 23 16 13  2 29  3 10  4 15 18 17 22 14 11  7 25 19 20  5 23.785486
2551 13 24 23  8 28  6 12  9  5 26 29  3 21  1 25  7 11 22 14 17 18 10 20  2 27 16 19 15  4 23.705482
2392  7 25 11 22 17 14 18 15 19 16 23 27 24 28 12  9 26 29  3  5  6  8  1 21  2 20 10  4 13 23.517470
2595  4 21  5 12 28  1  8 24 16 27 23  7 25 15 10  2  3 29 26  9  6 20 18 17 14 22 11 19 13 23.801487
2391 13 24  1 21  5  9 12  6 28  8 27 23  7 16 26 29  3  2 20 10  4 15 18 17 14 22 11 25 19 23.673480
2451  6 12  9  5  2 13 10  4 18 17 14 22 11 20  3 29 26 21 15 19 25  7 23 27 16 24  8  1 28 23.629477
2441 16 13 10 20  4 27 28  5 26  3 29  9 12  6 21  2  1 24  8 23  7 25 11 22 14 17 18 15 19 23.437465
2502 11  4 20 13 27 23  8  1  2 21  6 12  9 26 29  3  5 28 24 16 25  7 19 10 15 18 17 14 22 23.393462
2619 24 16 13 10  5 12  6 28  1 21 20  3 29 26  9  2  4  7 25 11 22 14 17 18 15 19 23 27  8 23.561473
2535  7 23 16 27  8 28  1 25 19  6 12  9  5 26 29  3  2 21 20 10 13 24  4 15 18 17 14 22 11 23.593475
2235 11  7 25 19 20 13 16 24 27 23  8 28  1 21  6 12  9  5 26 29  3  2 10  4 15 18 17 14 22 23.677479
2430  2 21  5 26  9 12  6 28  8 27 23 16 24  1 29  3 20 13  4 15 18 17 14 22 11 25  7 19 10 23.757486
2318  2  3 29 26  9  5 21 24 16 27 23  8  1 28 12  6 10 13 19 25  7 11 22 14 17 18 15  4 20 23.765484
2487  4 19 25 11 22 17 18 14  7 27 16 13 20  2  3 29 26  5  9 12  6 28  8 23 24  1 21 10 15 24.025502
2488 20 10 13 16 23 27  8 28  6  9 12  1 24 11 22 17 14 18 15 19 25  7  4 21  5 26  3 29  2 23.917495
2424 10 13  5  9 26 29  3  8 27 23  7 25 15 18 17 14 22 11  4 19 16 24  1 28 12  6 21  2 20 24.069505
2675 29 10 15 11 25  7 19 13 16 23 27 24  8  1 28  5 21  2 20  4 17 22 14 18 12  6  9 26  3 24.069504
2653 19  4 15 18 14 17 22 11 25 13 10 20  2  1  5  9 26 29  3 21 24 27  7 23  8 28 12  6 16 23.953497
2558 20 15 19 11 22 17 14 18  4 10 13 16 24  2  3 29 26  5  1  8 27 23  7 25 28  6 12  9 21 23.221451
2337 19  4 18 14 17 22 11 25  7 23 27 24 16  8 21  5 26  3 29  9 12  6 28  1  2 20 10 13 15 23.661479
2400 25  7 23 27 16 13 10  4 15 11 19 20  2 21  1 24  8 28  6 12  9  5 26  3 29 18 17 22 14 23.373461
2874 23 28 12  5 29  2 21  1 13 10 20  4 11 25  7 16 24 27  8  6  9 26  3 18 17 22 14 15 19 23.321456
2308 10 24  1  6 12 28  8 27 16 23  7 25 19 15 11 22 14 17 18  4 20  2 29  3 26  9  5 21 13 23.249454
2497 15  4 13 16 25 23 27 24  8  6  9  5 26 29  3  2 21  1 28 12 20 10 19  7 11 22 14 17 18 23.397462
2470 13 24 27 23 25  4 15 18 17 14 22 11  7 19 16  3 29 26  5  9 12  6 28  8  1 21  2 20 10 23.553472
2295  3 29 26  6 28 16 19 15 18 17 14 22 11 25  7 23 27  8 24 13  4 10 20  2 21  1 12  9  5 23.461467
2202  7 23 27 16 24  8 28  1 21 13 20  2  3 29 26  5  9 12  6 10  4 15 18 17 14 22 11 19 25 23.941496
2203 28  6 21 13 16 27 23  7 25 19 15 11 22 14 17 18  4 10 20  2  3 29 26  5  9 12  1 24  8 23.845491
2453 21  1 24  8 27 23 16 13  4 15 11 22 14 17 18 20  2 10 19 25  7 28  6 12  9  5 26  3 29 24.013501
2733 25  7 23 16 27  8  1 24 13  2 26 29 20  4 15 10 21 28  6 12  9  5  3 19 18 17 14 22 11 24.297519
2470  3 29 26  5  9 12 28  1 24  2 20 10  4 13 16 23  7 25 19 11 22 14 17 18 15 27  8  6 21 24.053503
2319  8 28  6 12  9  5 13 21 26  3 29  2 20 10 18 17 14 22 11 15  4 19 25  7 23 27 16 24  1 23.317457
2678  1  8 23 27 13 21  6 12 20 10 15 19 24 16 25  7 11 22 14 17 18  4  5  9 26 29  3  2 28 23.273454
2376 13 27  8 23  7 19 20  4 15 18 17 14 22 11 25 16 10 21  2  3 29 26  5  9 12  6 28  1 24 23.405463
2457 24  8 27 23  7 25 19 13 10 21  2  3 26 29 20  4 15 11 22 14 17 18  5  9 12  6 28  1 16 23.521470
2253 20 10 13  4 15 19 11 22 17 14 18 25  7 23 27 16 24  8 28  6 12  9  5 26  3 29 21  1  2 23.237452
2732 14 17  4 20  3 29 26  9  5  2 19 15 18 22 25 16 13 10 21  6 12 28  1 24  8 27 23  7 11 23.361460
2717 16 24 28 12  6 13  4 19 25  7 15 18 14 17 22 11 20 27 23  8  1 21  5  9 26  3 29  2 10 23.037440
