3010 15 18 22 14 10  4 17 16 19 11 25  7 23 24 27  8  1 13  2 20  3 29 26  5 12 28 21  6  9
3008  2  3 29 26  9  1  5 21 28  6 12 27 23 24  8  7 11 16 25 19 20 13 10 15 18 17 14 22  4
2862 26  3 29  2  5  9 21 28  6 12  1  8 24 16 23 25  7 13  4 10 27 19 18 22 17 14 11 15 20
3181  8  1 16 27 28 13 11 22 17 14 18 15 19 23 24  4  7 25 10 20 29  3  2  9 26 21 12  5  6
3005 29  3 26  9  5 21  2 12 10 28  6  1 24 19 23  8 13 27 16  7 25 11 22 14 15 18 17  4 20
2953 17 14 25  7 19 11 22 18 15  4 10 16 13 27 28  8 23  1 24  6  5 12  9 21  3 29 26  2 20
3105 15 18  4 11 22 17 14 13 20 10 19 25  7 27  8 23 16 24 28 21 26  6  5  3 29 12  9  2  1
2957  2  3 29 26  5  9 28  6 12 21 20 24  8 23  1 27  7 13 10 16 25 11 19  4 15 18 14 22 17
2904 10  4 17 22 15 14 18 25 11 19  7 16  8 24  1 28 23 27 13  6 21  2 12  5  9 26 29  3 20
2920 29  3 26  9  5 21  2  6 12 28  8 24 19  7  1 23 16 27 13 10 20 15 25 11 14 22 17 18  4
