2829 14 17 22 11 18 15  4 19 25  7 23 27 16  8 24 20 13 10  1 12  9 28  6  5 21  2 29 26  3
2769 29  3  5 26  6 12 21  9 28  2  1 24  8 23 27 16 13 25  7 19 11  4 18 17 14 22 15 10 20
2777 13 22 18 17 11 14 15 19 16  7 25  4 20 10 21 24  8 27 23 28  1 12  6  5  9 29 26  3  2
2903 21 12  5 26  9 29  3  2  6  1 28 24 27  8 16  4 19 25  7 23 13 10 20 18 22 15 14 17 11
2884  6  9 26  2 29  3 21  5  1 12 28  8 27 23 24 13 16 25  7 11 22 14 10 20 17 18  4 15 19
2947 29  3 26 21  2  6 12  9  5 28 16  8 24  1 27 23 25 13 10 20  4 19 11  7 15 18 22 14 17
2924  2  9 29  3  5 26 21 12  6 28  1  8 24 16 23 27 19 20 13 10  7 25 14 11 15 22 17 18  4
2987 21 29  3 26  9  5  6  1 12 28  2 13 24 27 23  8 16 11 17  7 25 19 10 15  4 22 18 14 20
2694  2  3 26  5 29  9 21 12  6  1 28 24 27 23  7 25 16  8 13 19 15  4 10 11 14 18 22 17 20
2868 20 18 22 17 14 19  4 11  7 25 15 10 13 24 16 23 27  1 28  8  6 12  5  3 29 21  2 26  9
2897 26  9  3 29  2 21 24  1 28  5 12  6  8 23 13 27 16 19 10  4 15 18 17 22 14  7 25 11 20
2850  2 29 26  3 21  5  9  6 12 28  1  8 16 24 23  7 11 25 19 27 15  4 20 13 17 14 22 18 10
2707  2 29 26  3  5 21  9  6 12 28  1 16 27  7 23  8 24 13  4 20 25 19 11 22 18 17 14 15 10
2820 15 11 22 17 14 18 19 10  4 20 25  7  8 27 23 16 13 24 28 12  6  9 26  5  1 29  3 21  2
2947 22 14 15 18 17 11 19 25  7 23  8 27  4 10 13 28 24 16  2 20  3 21  1  6 12  9  5 26 29
2883  2 29  3 26  5 21  9 12  6  1 28 23  8 27 10 13 24 19 16  7 25 22 14 11 17 18 20  4 15
2941 21  5  2  3 29 26  9 12  6 28  1 27 13 20 10  8 23 24 19 25  7 16 17 11 15  4 18 14 22
2938  4 15 11 22 17 14 18 10 13  7 27 23 16 25 19 24 20  8 28  1  2  6 12  9  5  3 29 26 21
2904  4 17 18 14 22 19  7 25 11 15 20 23 27 16 24 13 10  8 28  1  6  9 12  5 21  2 29  3 26
2781 10 14 17 18 22  4  7 11 25 19 15 16 27  8 24 13 23  1 28  6 12  9  5 26 21  2 29  3 20
2842  2  3  5 21 26 29  9 12  6  8 23 27 28  1 24 13 16 25  7 19 11 18 14 22 10 15 17  4 20
2929 18 17 22 14 15 11  4 19 23 25  7 13 24 16  8 27 10 21  2 20  1 28  5  9 12  6 26 29  3
3006  5  9  1 26 29  3  2 21 20 12  6 28 24 13  8 27 16 23  7 25 19 15 10 17 11 14 18 22  4
2966 14 18 22 17 11 25 15  4 10 19 13 20  7 27 23  8 24 16  1 28  9  5  6 12 21  3 29 26  2
2878 18 14 11 22 17 15  4 13 10 16 25  7 19  8 23 27 24 28  6  1 21  2 29 12  9 26  5  3 20
2827  2  3 29  5  9 26 28 21 12  6  1  8 23 27  7 13 24 16 25 19  4 10 11 15 18 14 17 22 20
2939 19 22 14 17 18 11 15 10  7 25  4 13 24 27 16 23  8  6  1 28 12 21 26  9 29  3  5  2 20
2899 15 18 11 17 22 14 19 25  7  4 10 20 24 27 23  8 16 13  3  5  6 28  1 21 12  9 26 29  2
2974 10 18 17 14 22 11 15 16 19 25  7  8 13 27 23 24  4 20  2 21 28 12  1  3  5  6  9 26 29
2830 15 18 17 22 14 11 25  7 19 16 24 23  8 27  4 13 12  6 20  2 10 29  3 26  9  5 28  1 21
2844 29  3  2  5 26  9 21 28  1 12  6 24 27  8 23 25 16 13 10 22 17 14 19  7 11 15 18  4 20
2757  5 21  9 26 29  3  2  6 12  1 28 24  8 23 27 16 13 10 20 19 25  7 11 22 15 18  4 14 17
2778  3 29  2 20  5  6 21 26  9 12 28  1  8 23 27 13 24 16 19  7 25 11 15  4 10 18 17 14 22
2936  3 29  2  5  6 26  9 12  8 21  1 28 23 27 24  7 25 11 13 16 19 10  4 15 18 22 14 17 20
2886 18 15 22 17 14 11  4  7 25 19 10 13 27 23 16  8 21  5  9  1 24 28 12  6  2 26 29  3 20
2922 29  2 21  3 26  9  5  6 12  1 28 20 24 16  8 27 23  7 13 10 15 19 25 11 22 17 14  4 18
2874 10  4 22 15 14 17 18 11 19 16 25  7 27 23 24  8 13 20 12  1 28  6  5  9 29  2  3 26 21
2860 10 14 18 17 22 11 19 15  4  7 25 16 27 23  8 13 20 24  1 28 21  6 12  5 26  2  9  3 29
2910  2  3  5  9 26 29 21  1 12  6 28 24 27  8 16 23 25 13 19 10 18 22 11  7 17 14 15  4 20
2935 20 21  5 12  6 26  9  3 29  2  8 28  1 24 27 16 13  7 25 19 15 23 11 18 17 14 22  4 10
2957 18 17 14 22 15 16 19  4  7 25 11 23 24 27  8 28 13 10  3 29 21  6 12  9 26  5  1  2 20
2785  2 29  3 26 21  5  9  6 12  1 28  8 27 24 23 25 11  4 20 16 13  7 19 15 17 18 14 22 10
2856 10 15 17 22 18 14 11  7 25 19 24  4 27 16 13  8 23  1 28  6 12  2  3 29  5 26  9 21 20
2877 10 14 17 18 22 11 15  4 24 19  7 25 16 23 27  8 13 20  2  1  9 21 26 29  3  5  6 12 28
2683 21  2  3 29 26  9  5 12  6  1 28 13  8 16 27 24 23  7 11 17 22 18  4 14 15 19 25 10 20
2921  2 21  9 29  3 26  5 12  6 28  1 23 16 24 13 27  8 10 20  4 18 11 19 15 25  7 22 14 17
2999 17 18  4 22 14 11 15 19 25  7 23  8 27 16  2 13 24 28  1 10 20  5 29 21  6 12  9 26  3
2861 21 29  2  3 26  9  5 28  6 12  1 24 27  8 16  7 25 23 13  4 19 15 10 17 18 22 14 11 20
2880  3 26 29  9  5 21  2 12  6 28  1 24 27  8 23 16 13  4 25 11 15 20 10 19  7 14 18 17 22
2930 10 17 22 15 11 14 18  4 19  7 25 16  8 27 13 23 24 20 21  1 12  9  6 28  5 29 26  3  2
