3020 20 26 29  3  2  9 12  6  5 21 28  1 13  8 23 24 16 27 19 18 15  7 25 11 14 10  4 17 22
3075 20 14 18 17 22  4 15 11 19  7 27  8 25 23 16 10 13 24  1  2 26  9 28  6 12 21  3 29  5
3099  3 26 29  5  9  6 12 28 10  2 20 21  1 27 25 16 24  8 23  7 13 19 11 18  4 15 14 17 22
3232  7 25 19 11 14 22 17  4 15 18 10 20 13 21 12 16 28  6 26  1  9  5  3  2 29 24  8 23 27
2935 20 10 15  4 22 18 14 17 11  7 25 23  8 19 16 24 27  6 12  1 28 21  2 13  9 26  3 29  5
2913 21 16 23 27 24  8 28 12  1  5  9  6 26 29  3 20  2 10 17 14 22 18 13 25  7 19 11 15  4
3015 20 10 15 22 14 18 17  4 11 25  7 16 23 27 24 13 19 12 21 28  1  8  2  3  5 29 26  9  6
3141 27 16 23  7 25 14  4 19 17 22 15 11 18 13 20 10  2  5 24 21  3 29 26  6  9  1 28 12  8
3178  2  5 26  3 29  6  9 21 12 28  8 10 13 24 27  1 23  7 25 16 11  4 17 14 18 22 15 20 19
3192  2  3 29 26  5  9 12  6  1 21 13 28  8 25  4 27 23 16 24 10 11 19 14 15 18 22 17  7 20
