2859 17 22 18 14  4 15 11 25  7 23 19 16 27 24 13 10  8  9 28  1 12  6  5 26 21 29  3  2 20
2895  3 26  9 29  5 21  6 12  2  1 28  8 24 16 27 23  7 25 19 11 20 13  4 15 10 17 14 22 18
2886 14 15  4 18 17 22 11 25  7 23  8 24  1 12 27 16 19 10 13 20  3 29 26 28  5  9  6 21  2
2864 10 14 22 17 18 15 11 19  4 25  7 27 16 13 23  8 24  1 21  5 26 12  6  9 28  3 29 20  2
2963 18 14 22 17 11 20 10 15 25  7 19 23  8 24 27  4 16 13 21 12  6  1 28  2  5  9 26 29  3
2806  9  3 29 26  2 21  5  1 28 12  6  8 24 13 23 27  7 25 19 16 11 15 14 22 17 18 10 20  4
2828  2 21  3 26 29  5  9 12  6 28  8 27 23  1 24 13 16 25  7  4 22 10 19 14 17 18 11 15 20
2829 29  3 26  2  5 21  9 12  6  8 24  1 28 16 23  7 25 27 13 20  4 15 18 22 14 17 19 11 10
2893 11 22 14 18 17 15 10 20  4 16 25  7 19 13 23  8 28 27 24  1 12  6 21  5  9 29  2  3 26
2648  2 21 29  3  5 26  9 28 12  6  1 13 24 27  8 23 16 25  7  4 19 15 10 11 22 17 14 18 20
