3140 26  3 29  5 12  9  6  2 20 21 24  8 28  1 23 10 13 16  7 25 27 19  4 18 17 14 15 11 22
3068 15 22 18  4 17 14 11 10 25  7 23 27 13 19 16 21 24  8  1 28 12  6  5  3 26 29  9 20  2
3225 16 13  8 27  1 23 21 24  3  2 29  5 28  9 26 12  6 10 20 15 19  4 18 14 17 22 11 25  7
3051  7 23  8 27  1 16 28  6  5 24 21  2 29  3 26  9 12 13 20 19 15 10  4 25 11 18 14 17 22
2829 14 11 22 17 18 15 25 19 13  4  7 23 27 24  8 16  1 28  5  6 12  9 21 10  2 26  3 29 20
3099 10 11 19 17 18 22 14 20 15  4 25  7 27  8 13 24 16 23  1  6 12  9 28 21 29  3  2  5 26
2882  4 17 22 14 18 15 19 25  7 11 20 13 23 27 16  8 28 24  1  6 12  5  9 26  3 21 29 10  2
3395  6  3  5  2 26 29 21  9 12 18 14 22 11 17 15 27 16  4 20 13 25 19  7 23  8 24 10  1 28
3082  4 15 22 14 17 18 19  7 11 16 23 25 13 24  8 27 28  6  1  5 12 26  9  2 10 21  3 29 20
3132 14 17 22 18 25  7 11 19 16  4 15  1 24 23  8 27 13 10 20  2 26 28  6 12 29  3  5  9 21
