2931  2 29  3 26  9  5  6 13 21 12  1 28  8 27 24 16 23  7 25 11 15  4 22 10 18 14 17 20 19
2899 29  3  9 26  5  6 28  2 21  1 24 12  8 27 23  7 16 25 19 13  4 20 10 15 14 18 17 22 11
3024 12  5  9  2 26  3 29 28  8  1  6 21 20 10 16 24 27 23  7 25 11 18  4 13 22 14 17 15 19
2969  4 11 22 18 14 17 15 13 23 27  7 25 19 16 24 28  8 12  1  2 29  6 26  3  5  9 21 20 10
2988 22 18 14 17  7 25 11  4 15 19 16 27 23  8 24 10 13 12  1 28  6 21  3 29  9  5  2 26 20
2993 15 14 17 22  4 18 11  7 25 19 10 20 13 16  8 23 28 24 27  2  1 21 12  6  9 26 29  3  5
3012 22 18 17 14 11 15 13  4 10 19 25  7 24 23  1  8 27 16 20 21 28  6 12  9  5 29  3  2 26
3044 14 22 17  4 18 19 11 15 20 10 25  7 23 27 16 13  8 28 24 21  2 26  5  9  6  1 12  3 29
3045  2  3  5 26 29 21 28  9 12  6  1  8 23 13 20 10 15  4 16 27 25  7 24 14 18 17 22 11 19
2838 21  3 26 29  2  1 12  9  5  6 28  8 27 23 24 16  7 25 17 18 13 11 15 22 14 19  4 20 10
