3601 15 25 17 14 22 19 18 11 21 26  2  3 29 12  1  6  9  5 13 20  4 10 28 16  8 24 23 27  7
3657 28  1 27 23  8 24 10 15 11 22 18 25  7 14  3  4 16 19 13 17 20 29  2 26  9 21  5  6 12
3461 18 19  7 11  4 10  8 20 26 28 12  6  5 21 29  3  9  2 16 23 24  1 27 13 25 15 22 14 17
3192  2 20 18 17  5  3 26 12  6 21 29  9  1 28 23  8 16 13 24 27  7 25  4 19 15 11 22 14 10
3096  8 27 25  7 24 23 16 13  4 11 19 17 22 15 18 14 10 20  3 29  2  1  5 28  6 21 26  9 12
3162 20  6 12  9  3  5  2 21 26 29 28  8  1 27 13 16 23  7 19 25 24 10 11  4 15 17 14 22 18
3587  3  8  1  6 28 24 20 13 10 11 14 17 18 16 25 22  7 23 27 19 15  4  2 26 21  5 29  9 12
3214 18 11 14 22 15 17  4 20  2 21  1  3 26 29 13  9  5 12  6 28 24  8  7 23 25 27 16 19 10
3233 15 18 17 22 14  4 11 23 25  7 16 19 21 10 13 27 24  8  6  9 12  1  3  5 26 29 28  2 20
3184  4 18 17 14 22 15 11 10 19 25 16 23  7 27  8 13  1 29  5  3  9 26  2 28  6 12 21 24 20
3260 20 10 23 28  1  5  9 12 26 29  3 13 24  8  6 21  2 16 27  7 15 18 22 11 17 14  4 19 25
3504 29  3 10 19 20 23  8 18  4 15 25 17 22 14 11  7 16 27 13  1 24 28  2 26  9 21  6 12  5
3251 15 11 18 22 17 14  4 25  7 24 23 19 16 27 28 12 13 21  8  1  6  5  9  2 20 10 26  3 29
3075 17 20 10 21 29  3  9  2 26  5  6 12 28  8 23  1 13 24 16 27 11 15 19  7 25 18 14  4 22
3337  6  5  9 21  8 24 12 28  1 23  4 10 11 17 18 14 22 15 25 20 13 16  7 19 27  2  3 29 26
3253 27 25  7 19 17 14 15 18 22 11 10 13  4 16 20 23  8  1  5  6 12 28  3  2 26 29  9 21 24
3397  3 29  2  9 26  5  6 12  1 10 23 28  8 27 16 24 19  7 13 11 20  4 25 18 22 17 14 15 21
3006 15 11 14 18  4 10 17 22 19 24 13 25  7 23 27 16  8 20  1 28  6 21  2  3 29 26  5  9 12
3356 18 17 11 25 24 16  7 23 27  1  8 26  9 21 12 28  6  3 29  2  5 13 20 14 22 19 10 15  4
3363  2 21 10  7 24 16 14 15 20  4 17 22 18 13 11 25 19 28  1 23 27  8  9 12  6  5  3 26 29
3238 10 20 15  7  4  2  5 29  9 26  3 28  1 12  6 21 24  8 23 27 13 11 19 25 16 14 22 18 17
3592 18  7 23 10 20 29  3  1 21 26  8 28  6 12  5  9  2  4 16 24 27 19 15 22 14 11 17 13 25
3215 23  8 28 27 13 24 16  1  6  9 29 21 26 12  5  3 10 20  2  4 11 22 14 17 19 18 15  7 25
3443 27 16 15 14 17 18  4 12  9  5  6  1  2  3 29 26 20 10 24 28  8 21 11 13 19  7 25 22 23
3199 21  1 24 23  8 27 25 16 19 15 18 14 11  4  7 17 22  2 20 10 13  6 12  5  9 26 28  3 29
3243 15 17 22 18 14 25  4 20 10 19 26 29  3 21  1 28 12  5  9  6 24  2 16 13  7 23  8 27 11
3535  9 12 11 22 14 17  2 16 15  4 19 25 18 10 20 13 27  8 23 24  7 28  6  5 29  3 26 21  1
3095  1 20 21  5 29  2  3 26  9  6 12 10 13 27 23  8 24 28 25 16  7 19  4 15 11 14 22 17 18
3390 12  6  3 26  9  2 15 22 17 19 14 10  4 20 13 11 18 25  7 27 24 23 16  8  1 21 29  5 28
3140 28  5  6  9  1 21  3 26 29 12  2 20 13 10 17 14 22 18  4 15 11 25 19 16 27 24  7  8 23
2864 10  4 14 17 11 22 18 15 19 25  7 23 27 21 13 20 16 24  8  1  6 28  2  9 26 29  3  5 12
3090 18 14 11 20 17 22  4 15 13 25  7 19 16 27 23  8 24  1  2  6 12 21 28  3 29 26  5  9 10
3282  3 29 26  9 10 20 24  1 17 11 25 15 16 13 27  8 23  7 19  4 22 18 14  2 21 28 12  6  5
2936 26  5  2  3 29 20 10 21  6  9 12  1 28 24 27  8 23  7 16 25 19 13 15  4 22 11 18 14 17
3249  4 14 15  7 17 22 18 11 25 24 19 23 27 13  8  1  6 12 28 16 21  2 29  3  5  9 26 20 10
3314  3  5 12 20 18 22  4 19 11 17 15 10 14 13 16 25  7 23 28 24 27  6  8  1 21  2  9 26 29
2791 29  3 26 12  9 21 13  2  5  1 28  6  8 27 24 23 16  7 25 11 19  4 10 15 18 22 14 17 20
3465 16 12 28 20  6  5  2 29  3 26  9 21  1  8 13 23 27 19 24  4 11  7 15 10 18 22 17 14 25
3236 18 11 22 17 14 15  4 25 19  7 23 24  8 16 28  1 13 27  6 20 10  3 29 21  5  9 26 12  2
3482 22 18 15 14 17 11  7 23 19  4 20  2 27 13 10  8 24 28  1  3  5  6  9 29 26 12 21 25 16
3098  4 10 20 19 15 17 14 18 24 13 22 11 25  7 23 16 27  8  1  9 12 28  5 26  3  6 21  2 29
3349 18 17 22 14 11 15  7 25 19 16 27  3 29  1 28  9 20  2 26 12  6 21 10  4 13  5  8 23 24
2891 11 23  7 25 16 24  8  1 27 13 28  6 12  2 21 26  5  9  3 29 20 10 17 18  4 19 15 14 22
3237 17 18 22  4 15 16 25 19 11  7 23 27 24 21 12  1  6  3 29 26 28  5  9  2 10 13  8 20 14
3209 20 11 22 14 17 18 15  4  7 24 19 10 27 16 25 23  8 28  9  5  2 12  6  1 21 13  3 29 26
2893 14 18 22 17 11 15  4 10  1  8 23 25  7 27 16 24 19 20 28 12  6  9  5 21 29  3 26  2 13
3279  1  8 27  3 26 28  6  9 12  2 29 21  5 13 19  4 15 10 20 18 22 17 14 11 25 23 24 16  7
3115 20 10  1 12 21  5  9  6 28 26  3 29  2  4 23 16  8 24 27 13 25  7 11 19 22 18 15 14 17
3194  3  2  9  5 12  6 28  8 21 19 27  1 16 24 23  7 25  4 13 15 18 14 20 17 22 11 10 29 26
3322  1 24 27 25 16 19  7  8 23 28 21  6 12  9  3 26  5 10 11 13  2 22 14 17 18 15  4 20 29
3272 20 16 28 12  6 29  3 26  9  5 24  1 21  8 27 13  2 10 23  4 15 22 17 14 18 19 11 25  7
