2784 20 10 14  4 15 11 18 17 22 19 25 16 13  7 23 27 24  8 28  1 21  9  6 12 26  3 29  2  5
2958  4 15 18 22 17 14 11 19 25  7 16  8 28 13 20 27 23 24  1 12  6 10  9  3 29 26  5  2 21
2818 18 22 17 14 19  4 13 11 15 25  7 16 10 24 23  8 27  1 28  5  6 12  9 29  3 26 21  2 20
2921 10 13 20 22 15 18 17 14 16 11  4 19 25  7 23 24 27  8 12  6  1 28  9 26 29  5 21  2  3
2849 29  3 26  6  9 12  5 21 28  2  1  8 16 24 23 27 19  7 25 10 13  4 15 11 14 22 18 17 20
2780 22 18 17 14 10 13 15  4 19 11 25  7 23 16  8 24 27  1 28  6  5 21  9 12 29 26  3  2 20
2861  2 29  3 21 12  5 26  9  6 28  1 24 23 25 16  8 27  7 19 10 15 20 13  4 11 22 14 17 18
2920 10 11 15 19  7 17 22 14 18  4 25 23  1 16 27  8 24 13 21  6 28 12  9  2  3 29 26  5 20
2806 17 22 18 14 11 10  4 15 16 19  7 25 27 23 24 13  8  1 28  6  2 21  5 26  3 29  9 12 20
2848 18 17 22 14 15  4 19 11 25  7 23 24  1 16 20 13 27  8 28  6  5  9 21 26  3 29 12  2 10
