2817 18 14 17 22 19  4 15 10 13 11 25  7 16 24  8 27 23  1 28 12  6 20 26 29  3  5  9 21  2
2913 20  5 26 29  3 12  9  6 21  2 10 28  1  8 24 16 27 23  7 25  4 19 13 14 22 17 11 18 15
2843 10 14 17 22 11 15 18  4 19 16 27 25  7 23  8 13 20  1 28 24  2  3 26  9 12  6  5 21 29
3028  2 29  3 26  9  5 21  6 28 12  1 27 23 24  8 20 13 25  7 19 17 10 16 15 18 14 22 11  4
2772 18 14 17 22  4 15 11 25  7 23 27 28  1 24  8 16 10 13 19 12  6 21  2  3 26  5  9 29 20
2885  2  3 29 26  5  1 21  6 28  9 12  8 24 23 16 13 27  7 25 14 10 20 15 18 17 22 11 19  4
2999  5  3  2  6  9 29 26 12 28  1 21 13 16 23  8 27 24  7 19 25 11 17 14 18 22  4 10 15 20
2784 26 29  3  9 12 21  2  5  6  1 27 24 28  8 23  7 16 15  4 10 20 13 19 25 11 14 22 17 18
2834 14 17 22 11 18 15 19  4  7 25 16 24  8 23  1 13 20 10 27 28  6 12  9  5 21  2 26  3 29
2846  2 29  3 26  9  5  6 12 20 28 21  1 24  8 27 25  7 23 16  4 19 13 10 11 17 18 22 14 15
2963 29  3  5 26  6  9 21 12  2 28  1  8 27 23 24 16 19 13  7 25 10 20 15 11 14 17 22 18  4
2876 29  3  2 12  9 26  5  6 21 28  1 24  8 16 27  4 13 10 25  7 23 19 18 17 22 11 14 15 20
2980 17 14 18 22 25 11 15  7 23 16 19  4 13 10 20  8 27 24  1 28  2 21  5 29  3 26 12  6  9
2905  4 18 17 14 22 15 19 10 11 25  7 27 23 24  8  1 16 13 28  6  3 29 26  5 12 21  9  2 20
2923 18 17 14 22 15 16 11  4 19 25  7 23 27  8 24 28  2 13 20 10 21 12  6  1  5  3 26  9 29
2906  2 26 29  3  5 21  9  6 12  8 28 24  1 23 27 13  4 19 25  7 10 16 11 22 18 17 14 15 20
2927 29  3 26  5 12  9  6  2 28 21  1 27  8 23 24 16 13 20 10 15 25  7 11  4 17 14 22 18 19
2914 17 18 15  4 14 22 11 13 10 19 16  7 25 23 24 27  8  1  6 12  9 28 21 20 29  3 26  2  5
2850 18 22 17 14 15 11 19 13 24 27  7 25 16 23  4 10 28  8  1  6  5  9 12 29  3 26  2 21 20
2930 26  3 29 21  2  5 28  6 12  9  8 24  1 13 16 20 10 27 23  7 25 19 11 18 22 14 17  4 15
2879 18 17 14 15 22 10 20 24 13  4 19  7 25 11 16 27 23  8 28 12  6  1 21  2 29  5  9 26  3
2929 26  5  3 29  2  9 12  6 21  1 27  8 28 24 10 13 23  7 19 25 15 16 11 14 22 17 18  4 20
2893 11 17 22 18 14 15  4 19 25  7 23 16  8 27  1 24 10 13 28 12 21  6 29 26  9  5  3  2 20
3014 10  4 17 18 15 14 11 22 19 16 25  7 23 27 24 13  8 28  1  9 29 26  2 20  5 21  6 12  3
2933  5  3 29  2  9  1 21 26 12  6 28  8 27 23 16 24 13  7 19 25 20 10 18 14 17 22 11 15  4
2933  2 29  9 26  3  5 12 28  1  6 21 27 23  8 24 13 16 19 25 15  7 18 11 14 17 22  4 10 20
2842  9  5  3 29 26  2 21 12  6  1 28 27  8 23 24 13 16 19 18 15  7 25 11 22  4 17 14 10 20
2758  2 29 26  6 28  3  5 12  9 21  1  8 24 23 27 13 16 19  7 25 11 15 22 18 17 14  4 20 10
2892  2  3 29 26  9 12  6  5 21 13 24 28 16 27  8 23  7 25 19  1 14 22 11  4 17 15 18 20 10
2907 22 17 18 14 19 11 15  4 16 25  7 23 27  8 24 21 10 13  2  1 28  6 12  9 20  3 26 29  5
2884 29 26  9  5 12  3  2 21  6  1 28  8 24 16 23 27  7 25 19 11 22 14 15 13 20 17 18 10  4
3007 10  4 18 17 15 14 22 19  7 25 11 13 16 27 23  8 24 20  2 21 26 28  1  3  5  6 12  9 29
2789  2  3 26 29  5  9 12 21  1  6 28 27 13 24 23  8  7 25 16 19  4 20 15 11 17 14 22 18 10
2940 17 18 22 14 11  4 15 23  7 19 25 16 24 27  8 13 21 20 10  6 12  1 28  5 29  3 26  9  2
2934 21  6  3 29 26  5  9 12 28  1  2 10 25  7 20 13  8 27 24 23 16  4 11 17 22 14 18 15 19
2962 20 18 17 22 14 15 19 16 24 13  7 23 25  4 10 11 27  8 28 21  1  5 29  3 26 12  6  9  2
2853 14 22 11 15 17 18  4 10 20 19 16 25  7 23 27  8  1 13 24 28  9  6  5  2 12 26 29  3 21
2969 10  3  2  5 26 29  9  6 12 28 21 24  8  1 23 27 16 11 25  7 20  4 19 13 15 22 17 14 18
2968 15  4 18 11 22 14 17 25  7 27 19 13 10 23 16 24  8 28  1 21 12  6  9  2  5  3 26 29 20
2844  2  5 29  3 26  9  1 21  6 12 28  8 27 23  4 15  7 25 24 19 16 13 11 14 22 17 18 20 10
2863 10 14 18 17 22 15 11 19  4 25  7 23 24 27 16 13  6 20 21  1 28  8  3 29 26  9 12  5  2
2974 15 18 17 22 14 11  4 27 16 19  7 25 23  1 28 24  8  6 13 20 10 12  5 26  3 29  9 21  2
2756 26  3 29  2 12  9  6  5 28 21  1 24 13  8 27 23 25  7 16 11 19 15 18 17 22 14  4 20 10
2811  2 21 29  3 26  9 12  6  5  1  8 28 27 24 16 23  7 19 13 20 11 25 17 22 14  4 18 15 10
2996 20 18 17 22 15 13 10 14 11 25  7  4 16  8 23 27 19 24  1 21 28 12  9  5  6  2 26  3 29
2935 29  2  3  9 26  5 27 13 21  6 12 28  1 24  8 23 16  7 25 19 20 10 15 14 11 22 17 18  4
2915 20 22 17 14 18 15 11 19 25  7 23 13 10 16 27  8 24  1  6 12  4 28  9  5 21  3 26 29  2
2954 10  4 14 11 22 17 18 15 19 25 27  7 23 24 16  1  8 13  2 20 28 12 29  3 26  5  9  6 21
2661 29  3 26  5  2 12  9  6 28 21  1 24 27  8 23  7 25 16 18 14 22 11 17 19  4 15 13 10 20
2870 15 11 14 18 17 22 19 25  7 16 10  4 13 27 23 24  8 28  6 12  2 21  9  1  5  3 29 26 20
