2819 19 11 14 15 18 17 22  4 25 16  8  7 23 27 24 13  1 21  9  6 28 12 26  5 29  3  2 20 10
2924 21  3 29 26  9  2  5 12  6 28 24  1 20 13 10  8 23 16 27  7 25 19  4 11 15 17 18 14 22
2711  2 29  3 20 21  9 26  5  6 12  1 28  8 13 16 23 27 24 25  7 19 18 14 17 22 11 10  4 15
2730 10  4 18 17 14 11 22 15 16 19 25  7  8 27 23 13 21  2  1 24 12  9 28  6  5 26  3 29 20
2827 20 10  4 15 17 22 14 19 18  7 25 11 16 23 24 27  8 28  1 13 12  6  2  5  3 29 26  9 21
2897  4 18 15 17 14 22 11 19 25  7 16  8 24 27 23  1 13 28 21  2 20 10  5 12  6 26  9  3 29
2899  2 26 29  3  5  9  6 12 28  8 21  1 24 27 23 16 13 19 15 25 14 11  7 22 18 17 10  4 20
2919 10 20  5  9 29 26  3  2  6 12 21 13 28  1  8 24 27  7 25 23 16 22 17 18  4 19 15 14 11
2791 10 18  4 15 14 17 22 11 19 16  7 25 13  8 23 27 24  1 21  6 12  9 29 28  5  3 26  2 20
2843 10 17  4 11 22 14 18 20 15 19 16 13 24 27  7 25 23  8 28  6  9  5  3 29 26 12  1  2 21
