2744 10  3 29 26  9  2  5 28  1 12  6 21 13 16 27 25  7 23  8 24 19 15 11  4 18 22 14 17 20
2830 18 17 14 22 11 15  7 19  4 25 16 27 24 23  8 28 12  1 21  2  5 13  6  9 26 29  3 10 20
2790 29  3 26  5  6  9 12  8  1 28 21  2 15  4 27 23 16 24 13 20 10 19  7 25 11 14 17 22 18
2750  2  3 29 26  6 21  5  9 12 28  1 27 24  8 16 23 13 10  4  7 25 19 11 15 20 18 17 22 14
2849 10 17 18 14 22 11 15  4 19 16  7 25 23  8 27  1 24 13 20 28  6  9 12  5  3 21  2 29 26
2873 10 15 18 14 11 17 22  4 13 19  7 25 27 16 23  8 28  1 24  6  5  9 12 26 21 29  3 20  2
2790 13  5 29  3 26  9 12  1  2 21  6 28  8 24 27 23 19  4 25 16  7 15 11 17 22 14 18 20 10
2742 21 20  2 29  3 26  9  5 12  6  1  8 13 24 28 16 27 23 19  7 25 15 10  4 11 22 17 14 18
2876 18 14 17 22 11  4 10 15 19  7 25 23 27 24  1  8 28 13 16  6  2  9 29  3 26  5 12 21 20
2847 20 26  3 29 21  2 12  9  5  6 28 24 16  8  1 23  7 27 25 19 13  4 14 22 11 17 18 15 10
2818 12  9 29  5  3 26 28  6  2 21  1 24 23  7 25 16 27  8 19 13 10  4 18 14 17 22 11 15 20
2808 14 22 17 15 18  4 11 19  7 25 27 24  8 23 16 13 20 28  1  6 12  9 21  2  5 29  3 26 10
2784 18 22 17 14 15 11  4 27 23  7 25 19 13 16 10 20  1 28 24  8  6 21  5  9 12 26  3 29  2
2866 21 26 29  9  3  2  5  6 12  1 28 24 23 27  8 16 19 25  7 11 14 17 13  4 22 18 15 20 10
2771 20 29  3 26  9  5 21  2  8 28  1  6 12 27 23 24 13  7 25 19 18 17 14 22 11 16 15 10  4
2800  3 26  5  9  6 12 21 29  2  8 28  1 24 23 27 16 13  4 19  7 25 14 22 18 15 17 11 10 20
2802  4 19 14 22 18 17 15 10 25  7 11 13 16 23 24 27  8 20  2 21  1 28  6 12  5  9 26  3 29
2804 10  6  9 26  3 29  2 21  5 12 28  1 24 23 16  8 27 13 19 25  7 11 14  4 22 18 15 17 20
2762  3 29 26  5  9  6 21  2  1 28 12  8 24 27 16 25  7 23 19 11 22 14 17 18 10 20 15 13  4
2751 29  2  3 26  9  6 21  5 12  8 23 27 28  1 24 16  7 25 19 10 13 15 11 22 18 17 14  4 20
2816 20 10  4 11 18 14 17 22 16 13 15  7 23 25 19 24 27  8  1 28  9 26 12  6  5 21  2  3 29
2857 20 21  2 29  3  5  6 12 26  9  1 24 16 23 28  8 27 13 25  7 19 15 10 11 18 22 17 14  4
2760 20  3 26 29  5  9 12  6 21  2  1 28 24 23  8 16 27 10 13 25 19  7 11 17 22 14 15 18  4
2836 18 14 17 22 11 20  4 15 25  7 19 13 16 10 24  8 23 27 28  1 21 12  6 26  9  5  2  3 29
2686  4 14 18 17 22 11 15 19  7 25 16 23 27  8 28 24 13 21  1  9 26  5  6 12 29  3 10  2 20
2834 26  5  3 29  1  2  9  6 12 28 21 24  8 27 16 23 25  7 19 15 11 14 18 17 22 10 20  4 13
2824 18 17 22 11 14 25 19 15  4 10  1 24 23 27  7 16 13  8 12  6 28 21  9  5 26  3 29  2 20
2608  2 29  3 26 12  9  5 21  6 28  1  8 27 23 24 16 13 19 25  7 18 11  4 15 17 14 22 10 20
2863 10 15 17 22 18  4 16  7 19 11 14 25 23 27  8 24  1 28  6  9  5 12 21 13 20  2 26  3 29
2653 21  2  3 29 26  5  9  6 12 16 24  1 28  8 23 27 13 19 11  7 25 20  4 15 18 17 14 22 10
2866 18 22 17 14 15 25 19 11 10 16 27 24  8  1 28 13  7 23  2 21  6 12  5  9 26  3 29 20  4
2628  3 29  5 26  9 12  6  2 21  1  8 28 24 23 27 16 13  4 11 19 25  7 17 14 18 22 15 10 20
2813 14 22 17 18  4 15 11 19 25  7 23 24 16 27  8 28 10 13  1  5 20 21 12  6  9 29  3 26  2
2800 29  3 26  5  9  6 12  2 21  1 23 24 28  8 27 25  7 16 13 11 15 19  4 14 22 18 17 20 10
2743 18 14 17 22 11 15  4 10 20 25  7 19 23  8 27 16 13 24  1  2 29  3  5 26  9 21 28  6 12
2801  3 29 26  5  9 21  2 12  6  8 16 27 24  1 28 23  7 19  4 25 11 22 14 15 17 18 13 20 10
2872  2  3  5  9 12 21 29 26  6 28 24 27  8  1 23  7 25 16 10 15 19 13 11  4 22 17 14 18 20
2832 29  3  2 21 26  5  9  6 28 12  1 24 27 23 13 16 25  8  7 19 22 17 18 14 11 15 10  4 20
2873  3 29 26  2 21 12  9  6  5  1 28 16 24 27  8 23 13 11 25  7 19 15 22 17  4 18 14 20 10
2824 19 15 17 14 22 18 11  7 25 23 16 10 20  4 13 27 24  8 28 21  6  1 12  9 26  3 29  2  5
2843 17 18 14 22 15 11  4 19  7 23 16 24 25 13 27  8  1 28  2 21  6 26  3 29  5  9 12 20 10
2850  9 12  5 21  2 26 29  3  6 28  1  8 16 24 27 19 25  7 23 13 20 10 15 22 14 17 18  4 11
2794 20  2  3 29 26 12  5  9 21  6  8 28  1 13 25 27 16 24 23  7 19 11 22 14 17  4 18 15 10
2872  4 15 14 18 11 22 17 25  7 16 23 27 19 10 13  8 24 28  1 21 12  6  5 26  9  3  2 29 20
2850 20 17 14 22 18 15  4 10 11 19  7 25 16 27 23 13  8 24  1  6 21 28  5  9 12 26  3  2 29
2897 10  3  9 26 29  2  5 12  6 21  1 28  8 27 16 25  7 23 19 13 24 18 11 17 22 14  4 15 20
2867 22 17 18 14  4 15 11 13 19 10 25  7 23 16  8 24  1 27 28  9  6 12  5  3 29 26  2 21 20
2821 10 18 17 11 22 14 15  4 19 25  7 23 20 13 16 27  1 24  8 28 12 21  6  9 26  5  2 29  3
2827  5  3 29  2 21  1  9 26 12  6 28  8 27 23 24  7 25 19 10 16 13 20 15 18 17 14 22 11  4
2839  3 29  9  5 26  2 12 28  6 21  1  8 27 23 24 16 13 19 17 15 11  7 25  4 18 14 22 10 20
2885 11 14 18 22 17 15  4 19  7 25 24  8 23 27 28 12 13 16 21  1  6  9  5  2  3 29 26 10 20 1234.973180
