2966 15 14 17 18  4 11 22 19  7 25 23 27 16  8 13 20 10 24 12  9 26  5  6 21  1 28  3 29  2
2834  3 29 21  2 26  9  5  6 12  1 28  8 24 16 23 13 27  7 25 19  4 10 20 18 22 17 11 15 14
2955 10  4 14 17 18 22 11 19 15 16  8 23 27  7 25 24  1 21  2 29 26  6 13  9 12 28  5  3 20
2985 14 18 17 22 10 15  4 25  7 11 19 16 13 24  8 23 27 20 28  1  6 12  9 21  2 26 29  3  5
2960  2 29  3  9 26  5  6 21 12  1 28 24  8 23 16 27  7 10 11 25 19  4 20 15 18 17 22 14 13
2922  8 27 16 23  7 25 11 15 22 17 20 18 14 19  4 10 13 24 21  5 29  9 12 28  6 26  2  3  1
3024 10 14 22 18  4 11 17 25  7 19 15  8 27 23 24 16 13 20 21 28  1 12  6  9 29 26  3  2  5
2932  2  3 26  5 29  9 12  6 21  1 28  8 27 23 16 13 20 24  4 19  7 25 10 17 22 15 11 14 18
2967 18 17 22 14 11 15 25  7 16 19  4 10 23 27  1 28 24 13 20  2  8  6 21  5 12  9 26 29  3
2716 22 18 14 17 11 15 10  4 19  7 25 23  8 27 24 16 13  1  5  9 12  6 28 21 20  2 26  3 29
3035 29  3 26  2 21 12  6  9  5 28  8  1 16 13 27 19 20 24 23  7 25 15 10  4 11 17 18 22 14
2912 15 14 11 17 18 22  7 19 13 10  4 24 16 25 23 27  8  1 28  6 12  5 26  9 21  2 20  3 29
2832 22 15 14 17 18 11 19 10  4  7 25 23 27 13 16 24  8  1 28  6 21  2 12  9  5 29 26  3 20
2935 14 17 22 18 11  7 25  4 19 15 10 20 13 16 27 24 23  1  8 21 28  6 12  2 29  3 26  5  9
2937 28  9 26 29  3  5 12  6  2  1 21 16 24  8 27 23 19  4 10 13 15 11 22 18 17 14  7 25 20
3071  4 14 17 18 22 15 10 20 11 19  7 25 16 23  8 27 13 21  9  6  2  1 12 26  5  3 29 28 24
3073 22 17 14  4 11 15 25 23  7 18 20 19 27 24  8 16 13  1 28  9 12  6  3 29 26  5 21  2 10
2948  7 25 15 14 22 17 18 13  4 11 19 23 16 24  8 27 10 20  1 28  6 12  2  3 26 29  5  9 21
2813  2  3 29 26  5 21  9 12  6 28  1  8 23 27 13 24 19 16 25  7 20 11  4 15 10 18 17 22 14
3033 12  9  2 21 26 29  5  3  6 28  1  8 23 24 13 27 16  7 25 11 10  4 20 22 17 14 18 15 19
2960 26  3 29  5  9 20  2  6 12 28 21  1 24  8 13 27 19 16  7 23 25 11 22 17 18 15 14  4 10
2862 18 17 22 11 14 15  7 25 19  4 16 23  8 13 10 20  2  1 28 24 27  6 21  5 12  9 26 29  3
2819 10 11 17 14 22 18 15  4 13 19 25  7 23 27  8 16 24 28 20  1  5 29  3 26  2 21  9  6 12
2932 20 15 17 18 14 22 10  4 13 19 11 25  7 23 16  8 24 27 28 12  5  6  2 21  9  1 29  3 26
2837 10 24  4 17 22 14 18 15 11 19 16  7 23 27  8 28 25 13  1 21 12  6  5  9  3 29 26  2 20
2972 29  3 12  5  9 26  2 21 13 16 24 28  1  6  8 27 23 25  7 19  4 20 22 18 15 11 14 17 10
2970 18 14 17 22 10  4 19 25 27  7 11 15 20 13 23 16 24  8 28  6 12  9 26  5 21 29  3  2  1
3020 15 14 17  4 22 11 18 19 25  7 16 27  8 28 23 24 13 20 10  1  9 12  6 26  5 21  3 29  2
2938 14 18 22 17 15 10  4 11 23  7 25 16 24  8 27 19 13 20  2  1  3 29 26  5 21  9 12  6 28
3023  4 19 14 17 22 15 18 11  7 25 27  8 23 16 24 21  1 12  9  5 26  3 29 28 10  2  6 13 20
2980 11 17 18 22 14 13  4 15 19  7 25  2 10 16 23 24 27  8 28  1 12  6  9  5 26  3 21 29 20
2899 15 18 22 17 14 25 19 11  4 13 10 20  7 16 23 24  8 27  1 28 12  9  6 21  2 26  5  3 29
2793  2 29  3  5 12  9 26 21 28 13 16 24  1  6 27  8 23  7 25 19 11 15 20 10  4 14 17 22 18
2977  3 26 29  1  2  6 12 28  9  5 21  8 27 23 24 19 16 13 25  7 15 11 10  4 14 22 17 18 20
3078 18 11 14 17 22 15 19 25  7 16 13 23  8  1 10  4 20 21 27 24 12  6 28  2  3 29  9  5 26
2982 21  1  2 29  3 26  5 12  6  9 28 27 16 24  8 23  7 25 13 19 14 18 15 17 11  4 20 10 22
2998 10 18 22 17 14 19 11 15  4 25  7 23 27 16 13 24  8 20 28  1  6  5 12 29 26  9 21  2  3
2876  4 18 17 14 22 10 19 11 15 25  7 23 13 16 20 24  1  8 27 28  6 12  5 26  3 29  9 21  2
2978  3 29  9  6 12  5 26 21  2  1 28 27 23  8 24 16 13 10  7 19 25 11 15 22 14  4 20 18 17
3072 19 18 17 14 22 15  4 11 25  7 13 10 24 27  1 23 16  8 12  6 28 21 26  3  9 29  5  2 20
2945 20 15 18 14 17 22  4 19 25 11 16 10  7 23  8 13 27 24 21  1 28 12  6 26  3 29  2  9  5
3001 10 15  7 18 14 17 22 11 19 25 23 16 24  4 20 13 27  8 28  6 12  1  5 29  2  9 26  3 21
3050 24 12  9  5  2  3 29 26  1 28  6 21 13  8 27 23 16 25 10 19  7 17 14 15 18 22 11  4 20
3004 14 18 17 22 15  4 13 19 11  7 25 10 16  1 24 27 23  8 20  3 21 28 12  6  5  9 26 29  2
2932  5 21 26 29  3  2  9 12 28  1  6 20 27  8 23 16 24 19 25  7 11 14  4 22 17 18 15 10 13
2899 22 11 17 18 14 15 25  7 10  4 19 16 13 27 24 23  8 28  1  5 12  6  9 29  2 21 26  3 20
2986 11 22 17 18 14  4 24 15 19 25 16  7 23 27  1  8 28 13 20 29  3  5  9 12  6 21 26  2 10
2952 11 15 18 17 14 22 19 25 16 27 23  7 10  4 13  1  8 24 12  6  5 21 20  2 28  9 26  3 29
2930 20 10 17 14 22 11 15 18 19  7  4 23 25 13  6 12  1 24 27 16  8 28  9  5 26 29  3 21  2
2923  2 26 29  3  9  5 12 28  6 21  1 24 23 27  8 13  7 16 17 14 18 15  4 10 19 25 11 22 20
3020 20 17 14 22 11 15 18 10  4 19  7 23 25 16  2 13  8 27 24 28 12  6  5  1 26  9  3 29 21 145.581099
