2988 29 26  3  9  5 12  6 21  2  1 28 23 24 27  8 13  4 22 20 10 16  7 25 19 15 11 17 14 18
2914 10  4 11 18 14 17 22 15 20 13  8 25  7 19 16 27 24 23  1 28  5 21  6 12  3 29 26  9  2
2851  6 21  2 12  9 29  3 26  5  1 28 27  8 13 16 23 24 19  7 25  4 15 11 14 18 22 17 20 10
3059 20 11 14 17 22 18 10  4 19 25 24 16 15 13 27 23  7  8  1 28 21 26  6 12  5 29  3  9  2
3068  4 22 14 18 17 16 15 25 11 13 27 23 19  7  8 28  1 24  2 21  6 12  9  5 29 26  3 10 20
3062 22 14 15 10 11 17 18  4 19 25  7 16 13 23 24  8 27  1 12 26  9 28  5  6 21  2  3 29 20
3015  3 26 29 12  2 21  5  6  9 28 24  8  1 13 27 16 23  7 25 15 11 10 19 22 17 18 14  4 20
2967 21  5  9 12 29 26  3  2  6  1 28  8 24 27 23  7 10 20 19 25 13 16  4 11 15 18 14 17 22
2952 15 18 14 17 22 11  4 10 20 13 23 25 16 19  7 27  6  8 24 28 12  9  1  5 26  3 29  2 21
3181 26 29  3  9  5  2 21 12  6  8 28 27  1 25  7 23 24 13 20 16 10 18 19 11 14 17 22 15  4
