2820 20 10 15 17 14 22 18  4 11 19 25  7 27 23 13 16 28 24  8 12  1 21  2  9  5  6 26 29  3
2800  4 15 10 18 14 17 22 11 19  7 25 16 23  1 24 27 13  8 28  5 12  6 21 26  9  2  3 29 20
2904 17 18 22 14 15  4 10 19 11 16 27 23  7 25 20  2 13 24  1  8  6 28 12  5  9 21 26 29  3
2976 17 22 14 18 11 15  4 10 19  7 25 16 20  8 27 23 13 24 21  1  6 28 12  9 29  3  2 26  5
3068 18 17 11 22 14 15  4 10 13 25  7 19 27 23 20 16 24 28  1  8 21 12  9  6  5  2 29 26  3
2779 21  5  9 12  6  1 28  3 29 26  2  8 24 27 16 23 13 20 10  7 25 19  4 11 22 18 17 14 15
2909  8 23  7 27 24 16 10 20 22 14 11  4 15 17 18 19 25 13  1  6 28 12  9  5  2 29 26  3 21
3004 20  2 29 12  5  3 26 21  6  9  1  8 28 27 23 24 16 13 19  7 25 10  4 15 17 18 22 14 11
2854  2  5  3 29 26  6 21 12  9 28  1 13  4  8 24 27 19 16 23  7 25 15 22 11 17 14 18 10 20
3053 10 20 13 25 16  4 22 17 18 14 11 15 19  7 23 27  8 24 21 28  1 29  2 26  5  6 12  3  9
2964 18 17 14 22 11  4 13 19 15 16 25  7  3  5  8 23 27 24 28 12  6  9 26 29  1 21  2 20 10
2993 10 14 22 17 15 18 20 13 25  7 11 19 24 16 23 27  8  2  4 21  9 12  6  1 28  5 26 29  3
2654 21 29  3 26  6 12  9 28  1  5  2 20 10 13  8 16 24 27 23  7 11 25 19  4 15 14 22 17 18
3004 10  2  3 29 26  9 12 28  5 24  6 21 20  1 13  8 27 16 23  7 25 19  4 14 15 18 11 22 17
2948 20 10 14 11 22 17 18  4 15 13 19 16  7 25  8 24 23 27 28 12  2 21  9  5  6 26 29  3  1
2852 20  3 29  2  9 21 26  5 12  6 28 24 13 16  1  8 27 23  7 25 19 10 17 14 11 15  4 18 22
2771 10 20  4 18 15 22 17 11 14 19  7 25 16 24 27 23 13 28  8  1  2 21  5 26  3 29  9  6 12
3001 11 22 14 17 18 15  4 25  7 19 10 13 23 16  8 27 24  1 28 26 21 20  9 12  6  3 29  5  2
3089 18 17 14 22 11 15 10 20 13  4 24 27  7 19 25 16  8 23  1 12 28 21  5  3  9  6 29 26  2
2952 15  5 29  3 26 21  6  2  9 12 28  1 24 27  8 23  7 25 19 18  4 22 11 14 17 16 13 10 20
2948 10 22 17 18 14 11 15 19 20  4 25  7 16 27 23 13 24  1  8  3 29 26  9 12  5  6 21 28  2
2828 29  3 26  9  5 21  6 12  2  1 28 27  8 23  7 24 16 19 13 25  4 18 15 17 14 22 11 10 20
2965 22 17 14 18  4 10 15 11 16 19  7 25 23 24 27  8 13 12  1 28  6  9  2 20 21 29  3 26  5
3005 21  3 29  9 12  5 26 10  2  1 28  6 13 24 16 27 23  8  4 11 19  7 25 18 22 14 17 15 20
2933  2  5  6 28 12  9 26 29  3 20  1 24 21 19 10  8 27 13 16 23  7 25 14 11 22 17 18 15  4
2922 18 14 15 17 22 11  4 23  7 25 19 16 27 24 13 10 21 20 28  1  8  6  9 12 26  5 29  3  2
2997  5 29  3  2 26  9 12 21  8 28  6  1 23 27 13 20 24 19  7 25 16 15  4 11 22 14 17 18 10
2961 14 18 15 25 11 17 22 16 24 13  4 19  7 23 27  8  1  6 12 28 21  2 10 20  3 26 29  9  5
3009  2  3 26 29  1  9  5  6 12 21 28  8 24 13 23 27 25  7 16 19 22 15  4 14 11 17 18 20 10
3102  5  2 26  9 29  3 20  6 12  1 21  8 28 23  7 19 27 16 24 13 15 11 25 22 14 17 18  4 10
3011 15  4 10 18 17 22 14 19 25  7 11 13 20 27 16 23 28  1  8 24 12  6  9 21 29 26  5  3  2
2948 14 17 22 15 18 20  4 10 25  7 23 11 19 13 16 27  8 24  1  6 28 12  2 21 29  3 26  9  5
2939 11 18 22 17 14  4 15 25  7 19 13 10 27 16 23 24 28  8  1 20  2  3 29 26 21 12  6  9  5
2906 12  6  5 29  3 26  9  2 28 24 27 21  1  8 23 16 25  7 10 13 20 17 18 14 22 11 19 15  4
3000 15 22 18 14 17  4 11 25 19 20 10 21 23  7  8 27 16 24 13  1 28 12  5  6 26  9 29  3  2
2917 21  2  3 29 26  9 12  5  6  8  1 24 28 16 25  7 23 27 13 10 19 20  4 17 15 22 11 14 18
3069 10 20  3  9 12  6 26  5 29  1 21  2 23 27  8 28 16 24  4  7 25 13 19 15 11 14 22 17 18
2981 29  3 26  9  5 12 28  6 21  2 24  8  1 16 13 19 27 23  4 10 20 15 25  7 14 18 17 22 11
2563 20  2  5 21 26  3 29  9 12  6  1 28 24 10 13  8 27 23 16  7 25 19 11 15 14 18 22 17  4
2938 20 10 15 17  4 22 14 18 11 25 19 27 13 23 16 24  7  8 21  1 28 12  6  5  9 26 29  3  2
2774 14 17 18 22 11 19 15  4 25  7 23 24 16  8 13 27  1 28 12  6 21 20  2  5  3 29 26  9 10
2911 18 11 17 14 22  4 15 25 24 13 19 16  7 23 27  8  1 21  2  5  6 28 26  3 29  9 12 20 10
2895 27 16 23 13  8 24 28 12  6  9 26  3 29  5  1 20 10 21  2 19  4 14 11 22 17 18 15  7 25
3027 17 18 22 14 11 15  7 25  4 20 16 19 13 10  8 23 27 24  6 12  9 26  5 21 29  3  1 28  2
2883  3 29 26  9 12  5 21  2 28  6 24  1  8 27 16 25 23  7 18 10 13 15  4 19 11 22 17 14 20
2909 20 26 29  3 21  2  5  6  9 12  1 24 28 27  7 23  8 16 25 11 15 10 19  4 18 17 14 22 13
2923  3 29  2 26  9 12 28  6  1  8  5 21 24 23 16 27 13  7 25 19  4 11 22 15 17 18 14 10 20
2826 22 14 17 18  4 15 19  7 11 25 23 16 13 27  1  8 24 28  6 12 21 10  2  9  5 26 29  3 20
2933 16 10 17 22 14 18 11 15 25  7 27 19  4 20 13 24  1  8 23 28 12  9  6 26  3 29  5 21  2
2961 29  3 26 21  9  1  5 12  6 28  2 13 24 27 23  8 16 20 10 25  7 19 17 22 18 14 11 15  4
2844 10 20 26  2 29  3  5 13  1  9 21  6 12 28  8 24 27 23 16 19 18 25  7 11 22 17 14 15  4 126.523907
