3681 10  4 18 25 15 17 22 14 19  7 24 27  1 23 28  2 21  9  6 12 13 20  3  5 26 29 11 16  8
3271  7  4 15 11 18 14 17 22 25 16 10 20 12 26  3 29  5  1 28  2  9 13 19 21  6 24  8 27 23
3647 17 14 18 19 16 13 15 28  1 20  5 10 29  2  9  3 26 12  6  8 27 23 21 24 11 25  7  4 22
3722 15 11 17 22 14 10 18 20 13 16 27  1  9 12 21  5 29 26  6  2 24 23 28  3  4 19 25  7  8
3784 15  4 21  8 23  7 25 24 14 22 18 17 11 19  2 13 29  9 10 20 27 16  1  6 28 26  3  5 12
3647 16 14 17 22  4 20  7 19 24 12 28  5 26  9 21  3 29  2  1  6 13 10 15 18 23  8 11 25 27
3838  9 26  6  5  4 15 19 27 11 18 17 22 14 20 13 10  2  1 12 25  7 28 23 21 24 16  8 29  3
3607  1 21 24  2  5  9  6 13 25  7  4 15 19 10 16 23 29 11 14 17 18 22 20  3 26 12 28  8 27
3432 26 28 24  8 27  7 13 25 11 15 17 22 19 10 18 14 23 16  4 20 21 12  5  2  3 29  1  6  9
3489 11 22 14 17 18 19 25  7  8 28 20  2  6 21 29  9  3 12  5 26 15  1 24 16 23 27 10 13  4
3530 19  7 13  8 24 25 11 14 15 18 17 22 16 10 20  4 23 27 26  5  3 29  2 28  9 12 21  1  6
3595 26 29  5 20  2  1  3  9 12  4 17 22 10  8  7 13 18 14 15 11 25 19 16 23 27 24 21 28  6
3460 13 11 25 10  5 15  4 18 22 17 14 19 23 27  7 16  1 24  8 20 28  6 12  9 29  3  2 26 21
3326 26  9 12  1  6 27  8 24 16 13  5 29  4 15  7 11 25 23 19 17 18 14 22 20 10 28 21  2  3
3587 18 10 25  7 27 16 15  8 24 21  5  2  1 28  6 29 26  9 12 13 23  3 20  4 22 17 14 11 19
3827 26  9  6  5 20  3  2  1 24 13 27  8  7 11 23 10 15 25 16 17 22 18 14 19  4 21 28 29 12
3786  9 12 20  7 23  8  4 17 25 15 10 11 18 14 22 16  1 19 27 24 21 13  3  2 29 26  5 28  6
3368 16 15 17 14 22 18  4 11 13 10  5  6  8 23 21  3 29  2 20  9 12 26  1 28 27 24  7 19 25
3493  3  5  9 26 29 21 23 24 10  8  7 25 16 19 13 27 18 15 14 17 22 11 20  4  2 12  1  6 28
3588 26  5 29  6 12  9 21 20 28  8 25 10  4 15 17 22 14 11 19  2 18 16 13  1 27 23  7 24  3
3438  2 28  3 29  5  9 26 12  6 20 15 13 11 17 22 14 18  4 25  7  8 23 27 24 19 21 16 10  1
3551 11  7 16 27 18 15 10 20 24 28  8  6  1 12  9  2 29  3 26 21  5 17 14 22 19 23 13 25  4
3302  4 11 17 14 18 15 22 19 16 27 23 25  7  1  8  6  3 10 24  2 29 26  9 12 28  5 21 20 13
3978 29  3  2  5 12  9 10 18 11 22 14  7 27  8 24 28 26 17 15 20 19 16 13  6  1 25  4 23 21
3188 21  5  9  2 29 26  3  8  1 24 23  7 12  6 28 27 16 25 19  4 13 10 20 18 15 11 17 14 22
3453 26 12  6  9  2 21  1 28  7  8 27 16 25 13 20 11 19  4 17 22 10 14 18 15 24 23  5 29  3
3963 27 16 13  4 26 21 19  7  9 29  2  6 28 23  8 15 10 22 11 18 17 14 25 20  3  5 12  1 24
3663 26  3  5  6 12  8 21  2  1  9 28 20 18  4 13 27 23 24 16 25 15  7 19 17 14 11 10 22 29
3673 22 14 15 26  1 16 13 27  8 23  2 21 29  3  6  5 12  9 28  7 25 17 11 10 20 24 19  4 18
3327 25 27  8 24 20 13 16 15  4  7 23 19 11 18 17 22 14 10  6 21  2 28 12  1  3 29 26  9  5
3577 26  6  9  3 20 10 17 14 16 19  7 18 22 11 25 15  4 24 23 27 29 13  8 28  1 12  5  2 21
3917  6  5 12  9  3 21 24 27 28  2 20  4 25 19 18  7 15 13 10  1 26 29  8 16 23 17 14 22 11
3637  2 15 20  5 27  8 28 29  3 21  1 26  9 12  6 19 13 16 10 24  4 25 23  7 11 14 22 17 18
3956 17 16 24 20 23 27 28 10  6  5 21  7 25 13 15 11  4 22 18 19  8  1 12 26 29  3  9  2 14
3835 17 11 25 22 14 13 10 27 19 21 16 20 26  3 29  9  1  5  6 12 23  8 28  2 24  7  4 15 18
4053 22  4 15 19 24 21 20  8 27 17  1 28 29  2  9 12  5 26  3 10 11 18  6 13 23  7 25 16 14
3724 21  3  5 16  2  4  7 25 19 18 22 15 14 17 10 11  8 28 23 24 27 13 20  1 29 26 12  6  9
3544 14 18 22 13 19 10  5  3 26 27 23 16 28 24  1 21  6  9 12 20  2 29  8  7 25 11 17 15  4
3497 19 14 18  4 21 16 13 28 27  1 29  2 26 12  9  5 10 20  3  6 24  8 23 25  7 11 17 22 15
3464 17 20 19  4 15 22  7 25 13 21  2  5 26  3 29  9  6 23  8 24 28  1 27 16 11 12 10 18 14
3496 19 11 22 18 14 17  4 13 12 10  1  7 15  8 28  6 26 29  3 20  2  9 21  5 24 23 27 16 25
3911  4 17  5 20 23  7 11 27  1 13 10  2 21 25 16  8 24 12  9 26  3 29 28  6 14 22 15 18 19
3745  9  1 28 16  2  5  6 27 23 24 13 21  7 15 10 25  4 19 11 18 17 14 22 20  8 12 29  3 26
3518  2 10  1 21 19 23  8 24 16 27 13  9  3 26 29  7 25  4 11 17 14 22 18 15 20 12  6  5 28
3258 27  7 25 24  8  1 13  4 16 23 10 20 22 18 14 17 15 11 19 21 12  6 28  2 29  5  9 26  3
3607  3 20  1 12 21  6 27 16 23  7 19 15 13 22 11 25 14 17 18  4 24 10  8  2 28  9 26  5 29
3351  5  2 20 29 13 28  9 14 18  4 15 17 22 11 16 19 25  7 23  8 27 10 24  1  6 12 26  3 21
4007 15  4 14 11 18 22 25 23  8 28 26 29  6  5 12 16  1  2 21  7 27 24 10 13 20  3  9 17 19
3409  5 29  3 20 26  9  8 13 25 11 14 15 10  4 18 22 17  7 16 19  2  1 27 23 24 21  6 28 12
4051  8 16 23  3 13  5 27  1 22 17 14 11 15 19 25 10 20  2 28 12 21  6  9 29 26  4 18  7 24
3499  6 26 29 21  5  3 10 20 11 15 18 22 17  7 14  4  2 13 23 25 24 19 16  8 27  1  9 12 28
