3292  5  3 29 26  2 12  9  6 21 28 13 10 20  1  8 24 23 16 18  4 15 25  7 22 17 14 19 11 27
3028 20 10 22 15 19 14 17 18  4 11 25 13  7 16 24  8 27 23 28  1  2  5 26 21  6 12  9  3 29
3205 16 27  8 24 23  6  3 26  5  1 28 12 29  9  2 10 20 13 21 19  4 14 17 22 18 11 15 25  7
3163 24  1 17 14 22 11  4 19 15 18 20 10 13 21 12  9 28  6 26  3 29  5  2 25 16 23 27  7  8
3166 23 24 28 10 27  8  1 13  6 20 21 12  9  5 29  3 26  2 22 14 18 17 19  4 15 11  7 25 16
3203 12  8 23 28 27 24 16  1  6 10 15 18 14 22  4 17 11 25 19  7 13 20  2  3 29  5 26  9 21
3472  6  1 28  8 24 27 13 10 16 21 23  7 19 25 18 15 14 11 17  4 22 20  9  5  3  2 26 29 12
2960  2  3 29 26  6 28 24  5  9 12  1 21 27 23  7  8 10 13  4 19 16 25 11 18 22 14 17 15 20
3569 15 13  7 23  8 27 16 25 19 11  6 28 24 26  1  9  5  3 29 21  2 12  4 20 14 22 17 18 10
3293 17 11 15 22 14 18 25 23  7 27 13 19  8 24 16 20  4 10  1 12 28 21  6  5  3 29 26  9  2
