2900 29  1 21  2  3 26  9  5  6 12 28 27 23  8 24 19 15 16 25  7 18 14 17 11 22 10 13  4 20
2980 10 14  4 22 17 18 15 25  7 11 19 13 24  1 16 27 23  8  6 12 28 20 29  3 26  2  5  9 21
2863 21  2  5 29  3 26  9 12 28  6  1  8 16 23 27  7 25 10 24 22 17 18 15 14 11 19  4 20 13
2875  3 26 29  5  9 12  6  2  1 21 28 27 23  8 13 24 16 19  7 25  4 20 15 18 14 22 11 17 10
2746  2 21  3 29 26  5  9 12  6 28  1 24  8 27 16 23 25  7 13 11 19 20 15 17 22  4 18 14 10
2868  2  6  1  5 21 29  3 26 12  9 28  8 27 16 19  7 23 13 24 25 11 22 17 18 14  4 10 15 20
2916 22 14 17 18 25  7 13 11 19 15 10  4 16 27 23  8 24  1  6 12 28  2  9  5  3 26 29 21 20
2986 29 26  3  2  6  5 21 12  9  1 28 24 27  8 23 19 13 16  7 25 20 17 22 18 15 11 14  4 10
2850 19 11 15 10  4 18 14 17 22  7 25 16 23  8 24 27 13 20 21  9  1 12 28  6  5 29 26  3  2
2988 26 29  3 21  1 28  5  9 12  6  2 20 10  8 24 23  7 19 25 13 27 16 18 17 11 22 14  4 15
2839  2  3 26  5 29  9 12 21  1  6  8 28 23  7 25 27 24 16  4 13 19 15 22 14 17 18 11 10 20
2888 21 29  3  2  9  5 26 12  6 28  1 24 27 16  8 13 23  7 25 17 22  4 20 10 19 15 11 14 18
2943  2 29  3 26  5  9  6 12 28  1 21  8 24 23 27 16 13 11 19 14 10  7 25 15 20  4 22 17 18
2885  2 29  3 26 12  5  6  9 21 24 28  1  8 27 15 14 19 13  4 20 16 23  7 25 11 22 17 18 10
2878 29  3  9 26  5  6 21 12  2  1 28  8 24 16 25  7 23 27 13 19 11 10  4 20 17 22 14 18 15
2925 17 22 14 18 15  4 10 11 19 13 20 27 16 23  7 25 24  8  1 28  6  2  5 21  3 29 26 12  9
2918 10 17 22 14 18 15 25  7 23 16  4 11 13 19 27  8 24  6 12  5 28  1 21  3 26  9  2 29 20
2898 29  3 26 12  5  9  6 28 23  8  1 21  2 24 27 10  4 20 15 13 16 19  7 25 11 17 22 14 18
2896  2 29 26  3  5  9  6 12 28  1 21 13  7 10  4 24  8 27 16 23 25 22 15 18 17 14 11 19 20
2996 19 18 22 14 17 15  4 10  2 20 11 25  7 27 23  8 16 21 13 24 28 12  5  1  6  9 26 29  3
2942 26  3  5 29  9 12  6  2 21  1 28  8 23 27 24 20 10 13 16 19 25 18 15  4 14 17 22 11  7
2921  4 17 18 22 11 15 14 19 20 10 24 27  7 25 16 13 23  1  8 28 21 12  6  5  9 29  3 26  2
2877  2  5  9 26 21 29  3 12  6 28  8 27 16 24 13  1 23  7 25 10 15 19 14 22 17 18  4 11 20
2697  4 15 14 17 18 22 11 25  7 19 10 13 24 23  8 16 27 12 28  1  2 29  3 26 21  5  9  6 20
2880  2 29  3 26 21  5 12  6  9  1 28 13 27 24  8 19 23  7 25 16 18 15 11 22 17 14 20 10  4
2959  4 15 17 22 14 18 19 13 25 11  7 23 16 27 24  1  8 28 12  9  6 29 10 20  5  3 26  2 21
2909 15 18 22 11 14  4 17  7 25 13 10 19 16 23  8 27 24  1 28  6  9 12  2 21 26 29  3  5 20
2884 14 22 17 18 11 19 15  4 25  7 10 13 24 16 23 27  8 28  1 26  6 12  9  2 20 21  5  3 29
2791 22 17 14 18  4 10 11 19 15 25  7 16  8 27 23 13 24 28  1 21  5 12  6  9  2 29  3 26 20
2770  2 29 26  3 21  9  5  6 28 12  1 24  8 16 25  7 27 13 10  4 19 23 11 22 14 17 18 15 20
2930 10  4 14 15 11 22 17 18 19  7 16 23 27 25 13 21  8  1 24  6  9 12 28  2  3 29 26  5 20
2884 10  4 15 18 17 14 22 11 16  7 19 25 13 27 24 23 12  8  1  9 28  6 21  5 26 29  3  2 20
2999  2 29  3 26  9  5 21  6  1 12 28 24  8 23 25  7 27 13  4 20 16 11 10 18 17 14 22 19 15
2881  2 29  3 26 21  5  9  6 12 28  1  8 16 24 23  7 13 27 25 19 14 18 22 15 11 17 10 20  4
2907 26 29  3  2 21  9  6 28 12  5  1  8 24 16 23 27  4 20 13 19  7 25 11 10 18 22 17 14 15
2905 18 11 22 17 14  4 10 15 19 25 23  7 13 16 28  8 27 24  2 20  1  6 12  9  5 26  3 29 21
2834 29  3 26  9 12  6  5 21  2 28  1 27 24  8 23 13 10 16 11 25  7 19 20  4 14 22 18 17 15
2823 21  2  1  3 29 26 12  9  5  6 28  8 24 27 23  7 25 16 20 10 19  4 13 22 11 17 18 14 15
2639  5  2 26 29  3  9 12  6 28  1 21 24 16 27  8 23 13 10 19  7 25 11  4 15 18 14 22 17 20
2961  4 14 17 18 15 22 11 10 19  7 25 16 13 24 23 27  8 26  5  6 28  9 12  1 20  2  3 29 21
2939 20 29 26  2  5  9  3 21 24  1 28 12  6 13  8 27 23  7 16 19 11 25 22 18 14 17 15 10  4
2809  5 26  3  2 29  9 12  6 21 28  1 13  8 27 23  7 25 19 24 16 20 15 18 11 14 22 17  4 10
2934  2  5 26 29  3  6  9 12 24 16 28  1 21 13 27  8 23 25  7  4 10 20 19 15 14 22 11 17 18
2975 11 14 17 22 18  4 15  7 23 24 19 16 25 13  8 28  1 27  5 21  2  9 12  6 26  3 29 20 10
2903 15 11 14 18 22 17 10  4 19 25  7 24  8 23 27 16 13 20 28  1 12  9  3  2 29 26  6  5 21
2838 15 18 17 22 14  4 11 23  7 25 19 13 27 10 20 16 24  8  1 28 21  6  5  9 12 26 29  3  2
2862 11 22 14 18 17 10 15  4 13 25 16 19  7 23 27  8 24 21  1  2 26  5  6 12 28  9  3 29 20
2932  4 18 22 17 14 15 19 11 25  7 23 10 16 27  8 28 20 13 21 24  1  9 12  6  5 26  2  3 29
2897  2  5 26  3 29  9 28  6 12 21  1  8 20 24 25  7 23 27 16 13 10  4 15 22 11 14 18 17 19
2882  3 26 29  5  9  2 12  6 28 21  1  8 23 27 24 16  7 15 25 13 19 17 18 14 22 11  4 20 10
