2742 20  9  3 29  2 26  5  1 28 21 12  6  8 23 27 24 16 25  7 13 19  4 15 11 22 14 17 18 10
2950  2 26 29  3 21  9 12  6  5 28  1  8 27 24 13 25 23  7 14 10 11 22 18 17 19 16 15  4 20
2689 12  5  9 26  3 29  2  6 21 28  1 13 27 24  8 23  7 25 16 19 15 14 11 22 17 18 10 20  4
2892 21 26 29  3  9  2  5 12  6 28 27  8 24 13  1 16 23  7 25  4 22 17 15 19 11 18 14 10 20
2831 20  3  5 12  2 21 26 29  9  6  1  8 28 24 27 13  7 23 25 16 19 18 17 22 14 11 15  4 10
2792 15 11 22 14 17 18  4 20 10 13 19 25  7 23 27  8 16 28  9 26  1  5  6 12  2 29  3 21 24
2955 12  3 29 26  5  9  6 28 21  2 20  1  8 27 24 23  7 11 19 25 13 16  4 10 15 18 17 14 22
2928 22 14 18 17 25  7 11  4 15 10 19 27  8 23 16 24 13  2 21 28  6  9 12  5  1 26 29  3 20
2922 29  3  5 26  6  1  9 12 28  2 21 13 20  8 24 16 27 23  7 25 19 11 14 22 18 17 10  4 15
2974 20 14 17 22 18 15 11  4 19  7 25 10 23  8 13 24 27 16  1 28  6  5 21 12  2  9 26 29  3
