3061 22 14 15 18 17 11 19  4 16  7 23 25  8 27 13 24  1 28 12  6 26 10 21  9  5 29  3  2 20
2800 20  4 18 14 22 17 15 11 10  7 25 19 16 13 23 27 28  2  8 24  1 21  5  6 12  9 26  3 29
2920  3 26 29  2  5  6 21  9 12 28  1 24 10 13  8 23 16 27 19  7 25 11  4 17 15 18 14 22 20
2937  2  3 29 26 28  9 12  1 21  6  5  8 13 24 16 27 23  7 25 19 15 11 14 20  4 22 17 18 10
3064  5  2 26  3 29  9  6 12  1 21  8 24 27 28 13 16 23  7 10 17 14 18  4 19 25 11 22 15 20
3067  2  5 12  1 26 29  3 21  9  6 20 28 24  8 23  7 27 16 13  4 19 11 22 17 18 14 25 15 10
2884  5  6 12 28  9  3 29 26  2 21  1  8 23 13 16 27 24  7 25 19 10 20  4 14 17 18 11 22 15
2969  3 29 26  9  5  6 21  1 12  2 28 23 27 24  8 19 25  7 16 13 20 10  4 11 22 18 14 15 17
3025 18 14 22 17 15 11  4  7 25 16  1 19 23  8 24 27 13  9 28  6 12  5 26  3 29 21 20 10  2
3123  2  3 29 28  5 26  9 12  6 21 20 27  8  1 25 19 23  7 13 24 16 10 14 18 17 22 11 15  4
