2859 29 26  2  3 21 12  9  5  6 28  1 24 27  8 23 16 25  7 10 13 18 15 19 22 11 14 17  4 20
2764 18 17 14 22 11 19  7 25 15  4 10 13 16 23 27 24  8  6 28 12  1  2  9  3 29 21  5 26 20
2819  2 29 26  3  5 12  9 21  1 24 27  8 28  6 23  7 25 16 19 11 14 22  4 10 13 20 17 18 15
2786 20 29  3 26  2  5  9 12  6 28 27  1 21 24  8 23 16 10 13 19  7 25 11  4 18 17 22 15 14
2883 11 15 18 17 22 14  4 10 25  7 19 23 27 16 13 24  8 28  1 12  3  5  9 21  6 26 29  2 20
2772 21 26  3 29  5 12  6  9 28  1  2 13 24 27  8 23 16 11 25  7 22 17 14 19 18  4 15 10 20
2897 21  2 26  3 29  5  6  9 12 28 23  8 27 24  1 13 16 14 15 11 18 19  7 25 17 22  4 20 10
2851 17 18 22 11 15 14 10 25  7 19  4 13 16 27 24 23  8 21 12  6 28  1  5  9 26  3 29 20  2
2859 18 17 22 14 15  4 13 10 19 11 16 23 27 24  8  7 25 20 12 28  1  6  9 26  5  3 29 21  2
2833 21 26 29  3  5  9 12  6 28  8  1  2 16 23 24 27  7 25 20 13 19 14 15  4 18 17 22 11 10
