2834 20 21 29  3 26 12  5  9  6 28  2 10  1 24 13  8 27 16 23  7 25 11 19  4 14 15 22 17 18
2953 20  3 29  5  2 26 21  6  9 12 28  1  8 16 24 27 23 13 10 11  7 25  4 15 18 19 14 17 22
2934 13 10 15 11 17 18 14 22  4  7 19 25 16 23 27  8 24  1 20  2 21 28  6  9  5 26 12  3 29
2979 20  2 12  3 29 26  6 21  5  9 28  8 23 27 16 25 19 10  1 13 24  7 11 22 14 18 17 15  4
2828 10 18 17 14  4 22 15 11 25 16 23  7 19 13 24  8 27 28  1 21  5 26 12  6  9 29  2  3 20
2984  2 26  3 29  5  9  6 12 24 16  1 28 21  8 23 27 13  7 25 19 11 10 22  4 15 17 14 18 20
2898 10 15  4 19 18 14 17 22 11  7 25 16 23  1 28 27 24 13 12  5  9  6  8 21  2 20  3 29 26
2855 29 26  3  6 12  5  9 28  1  8 21  2 10 20 25  7 23 27 24 13 16 11 15  4 19 14 17 22 18
2942  2 26  3 29 21 12  9  5  6 28 27  8  1 24 23 20 10 13 19 16  7 25  4 11 18 15 17 22 14
2949  4 10 20 18 17 22 14 15 25 11 16 27 19  7 23 13 24  8  2  3 29 21 28  6  5 26  9 12  1
