2954 10 29  3 26 12  9  5  6  1  2 28 23  8 16 24 27 13 20 21  7 25 19 11 15  4 18 14 22 17
2881  2 21 29 26  3  5  9  6 12  1 28  8 23 16 25 10 20 24  7 27 13 19 11 15 17 22 14 18  4
2881 29  3 26  2 21  9 28 12  6  5  1  8 24  7 25 13 16 23 27 19 10 20  4 11 15 17 22 14 18
3135 16 19 27 25  7 23  8 28  9  5  1  2  6 24 12 21  3 26 29 20 10 13 11 18 17 22 14  4 15
3183  4 18 15 17 14 22 25 16  7 11 19 23 13 10 20 27  1 28  8 24 12  6 26 29  5  9  3  2 21
3059 14 18 15 17 22 11 25 16 13 27  7 23  4 19 10 21 24  8 28  1  6  9  5 26 12  2 29  3 20
2816  3 26 29  9 12 20 21  2  5  6 28  1 24 13 27 23  8 16  7 25 19 10  4 11 15 22 17 14 18
3297 19 22 15 17 11 14  4 10 21 18 26 29  3  5  6 12  9 20  2  1 28 27  7 25 23  8 24 16 13
2695 21  2  5  6 12  9 29 26  3  1 28 23  8 27 24 13 25  7 20 16 19 11 22 17 14 18 15  4 10
3038 11 22 17 18 14 15 19 13 10 16 25  7  4 21  9 12  5 29  2 20 26  3  1 28  6  8 23 24 27
