2898 10 17 19 15 22 14 18  4  7 25 11 13 16 27 23 24  8  6 28  1 12  2 26  3 29  9  5 21 20
2878 20  2  3  5  9 12  6 26 29 21 28  1 27 24  8 16 19 10 13 25  7 23 18 15 22 11 14 17  4
2719 13 11 14 18 17 22 15  4 20 10  7 25 16 19 23  8 28 24 27  1  6 12  9  2  5 26 29  3 21
2863 21  2  3 29 26  5  6 12  9 28 24  8 27  1 13 10 20 11 25 16 23  7 19 15 14  4 17 18 22
2966 29 26  3 21  5  6  9  2  1 12 28 13 24  8 27 16 23  7 10 25 11 14 17 22 18 19 15  4 20
2868 19 18 17 22 14 11 15  4  7 23 27 25 24 13 16 20  1  8 28  6 12  9  5 26 29  3 10  2 21
2876 20 10 14 18 15  4 11 17 22 19 16 13  7 25 23  8 24 27 28 21  1  9  5 12  6  2 26 29  3
3004 29  3  9 26  5 12 28  1  6 21  2 10 16  8 24 13 15  4 18 23 27 25  7 19 11 22 17 14 20
2828 10  4 11 14 22 18 17 15 19  7 25 23 16 24 28 27 13  2 20  8  1  6  5 26  3 29  9 12 21
2889 18 15 20 10 17  4 11 22 14 19  7 25 16 24  8 23 27 13  1 28  6  9 12  5  2 21  3 26 29
