2919  2  3 29 26  5  9  6 28 12 21  1  8 24 27 16  7 23 25 13  4 11 22 15 10 14 19 18 17 20
2822  4 17 18 22 14 15  7 25 11 19 16 27 23  8 24 10 20 13  2 21  5 12 28  6 26 29  3  9  1
2874 15 17 14 18 22  4 11 25 16 10 13 19  7 23 24 27  8 28 20 21  6 12  1  5  9 26 29  3  2
2919  2 29  3  9  1 21 26  5 28 12  6  8 24 23 27 16 10 20 13 19  4  7 25 15 18 14 17 22 11
2824  3 29 26  5  9  1 27  6 12 21  2 28  8 23 24 16 13  7 25 11 19 15  4 18 14 22 17 20 10
2954 22 17 14 18  4 11 15 19  7 25 13 10 16  8  1 27 23 24 21  3 29 28  5  9 12  6 26  2 20
2810 21 26  3 29  9  5  6 12  2  1 28 20 13 16  8 27 24 23  7 25 10  4 11 19 22 17 14 18 15
2832  3  2  9 26 29 21  5 12  6 28  1  8 24  7 23 27 16 13 20 15 19 25  4 14 18 17 22 11 10
2962 17 22 18 15 14  4 11  7 25 19 13 27  8 28 16 23 24  1 20 21  5  6 12 26  9  3 29  2 10
2896 29 26  3  2  6 12  9  5 28  1 21 24 16  8 23 27 13 20 10  4  7 22 11 25 19 15 17 14 18
2874 20  3 29 26  5  9 12  6 28  1  2 21  8 24 27 13 23  7 10  4 19 16 22 11 25 15 18 17 14
2897 17 22 18 14 11 10 15 25  7 23 27 19  4 13  8 16 24 28  1  6  9 12  5 21 26 29  2  3 20
2883  2  3 29 26  6  9  5 12 10 20 28 21  1 23 27  8 24 16 13  7 25 11  4 15 18 17 14 22 19
2946  4 11 25  7 22 14 17 18 15 19 13 10 23 27 16 24  1 28  8  6  9 12 20 21  2  3  5 26 29
3019 20 17 18 15 11 22 19 14 25  7  4 10 13 16 23 27  8 24  9 12 28  6 21 26  3 29  5  1  2
2849  2 21  5  3 29 26  6 12  9  1 28  8 27 23 24 20  4 13 16 25  7 19 17 22 10 15 11 14 18
2824  2 21  3 29  5 26  6  9 12  1 28  8 23 24 16 27 13 19  7 25 11 20 15 17 18 22 14 10  4
2920 29  9  3 26  5  2 10 21  1  6 12 28  8 23 24 27 16 13  7 25  4 19 11 14 22 15 18 17 20
2966 18 11 17 14 22 15 19  4 25  7 23  1 16 27 24  8  6  9 12 13 20 21 28  5 26  3 29  2 10
2856  2  3 26 29 12  9  6  5 28  1 21 16 24  8 23 27 13 10  4 19  7 11 25 15 14 18 22 17 20
2900  4 17 22 18 15 14 25  7 11 19 16 23 27 24 13 10 20 28  8  1  6  5 12  9 21  2 29 26  3
2902 26  5  9 12  6  3 29  2 21  1 28  8 23 24 16 27 19  7 25 20 10 13  4 22 14 18 11 15 17
2953 16 14 22 17 18  4 11 15 19 25  7 23 27  8 24 28  3 29  2 12  6  9 13  1  5 26 21 10 20
2877  2 29 26  3 21 12  9  5  6 28  8 27 24 16  1 13 23 11 25  7 19  4 20 17 18 14 22 15 10
2964 29  3  9 21 26  5  2  6 12 28  8  1 16 27 20 24 23  7 25 19 13 10 15 18 17 14 22 11  4
2956 10 14 17 18 22  4 11 15 19 27 25  7 16 23 24 13 20  2 21  8  1 28  6  5  9 12 29 26  3
2983  6  9 12  5  3 29  2 26 21 28  1 24 16  8 27 23 19  7 25 10 20  4 13 15 14 22 11 18 17
2844  3  9 26  5 29  2 21  6 12  1 28  8 27 16 24 13 23  7  4 10 22 17 18 14 11 25 19 15 20
2886  2 26  3 29  5  9  6 12 21  1 24 28  8 20 13 23 27 25  7 16 11 19 15  4 17 22 14 18 10
2996 18 17 14 22 10 13 25  7 11  4 15 19 16  8 27 23 24 20 28  2  1  6 12  9  5  3 26 29 21
2770  2  3 29 26  5  9 12 28  1  6 21 13 16 24 27  8  7 23 25 17 18 20 15  4 14 22 11 19 10
2939  2 29 26  5 12  6  9  3 21 24 28  1  8 16 27 23 25  7 15  4 13 19 20 18 22 11 17 14 10
2953 29  3 26  9  5  2 28  1  6 12 21 24 23 27  7  8 16 13 11 25  4 19 15 22 18 14 17 10 20
2946 22 14 17 18 15 16 19 11 25  7 23 24  4 10 20 13 27  8  6  5  2  3  9 12  1 28 21 26 29
2989 29 26  3 12  6  9  5 21  2  1 13 24  8 28  7 25 23 27 16 15 10  4 20 19 11 22 14 18 17
2930 11 22 14 18 17  4 20 10 19  7 25 15 13 16 23  8 27 12 28  6  1 21  3 29  9  5 26  2 24
2634 21  2  5  3 29 26  6 12  9  8 16 27 28 24  1 23  7 25 11 22 14 18 17 15 19  4 10 20 13
2944 28  6  9  5 12 26 29  3  2 21  1  8 24 27 23  7 16  4 10 15 25 13 19 22 14 11 18 17 20
2994 17 14 22 18 15 19 10 20 11 16 25 23  7 27  4 13 24  8 28  6 12  9  1 21  5  3 26 29  2
2920 10 14 22 15 17 18  4 13 25 11 19  7  8 27 23 16  1 21 24 28  6 12  9 26 29  5  2  3 20
2973  2 21 29  3 26  6  1  5 28 12  9  8 16 23 27 24 11  7 25 19 15 10 13 20 18 14 22 17  4
2969  4 17 14 15 22 18 11 19 25  7 23 13  8 27 10  1 24 16 28 12  6 26  5  9 21 29  3  2 20
2963 15 19 11 14 17 18 22  4 10 25  7 23 27 13 16 28  8 24  1  6  9 12 21 20  3  5 29 26  2
2949 18 14 11 17 22 10  4 24 25  7 19 15 16 23 27 13  1  8 28 12  6  9 29  3  2 21  5 26 20
2687 28 12 21  3 29 26  5  9  6  1 24 27  8 23  7 25 16 13 20  2 10 19 11 15  4 22 17 14 18
2871 21  2  5 29  3 26  6  9 28 12  1  8 27 19 16 23  7 25 24 20 17 18 15 11 22 14  4 13 10
2956  4 18 15 17 14 22 10 19 11 25  7 13 16 23  8 27 24 20 28  5  1 12  6  9 26  3 29  2 21
3040  4 10 22 11 17 18 14 15 19 27  7 25 16 13 23 24 12 28  8  1  9  5  6 26 29  3 20 21  2
2933 19 17 18 22 11 25  7 14 15  4 10  2 24 27 16 23  8  1 13 20 21  5 12  6 28  9 26 29  3
2890 21  2 29  3 26 12  6  9  5  1 28 24 16  8 10 13  7 25 23 27 19 11 17 22  4 18 14 15 20
