2977 20 18 11 15 10 22 14 17  4 16 19  7 25 13 24 27 23  8 12  6 28  1 21  9  2 26  5  3 29
2939  2 29  3  5 26  1 12  6  9 21 28 24 16 10  8 27 23  7 25 11 19  4 13 20 15 18 22 17 14
2990 18 17 22 11 14  7 25 19 13 10 15  4 16 27 23  8  1 28 21 24 20  6 12  5  2  3 29  9 26
2838  2  3 29 26  5  9  6 12 28  8 24 21  1 27 25 23 16 13  4 10 20 11  7 15 19 14 22 17 18
2930  4 19 18 14 17 22 11 15 23  7 25 24  8 27 16 13  1  2  3  9  6 28 12 10 20 29 26  5 21
2841 29  3 21 26  5  2 28  9 12  6  1  8 24 13  4 19 25  7 16 23 27 10 15 14 11 22 17 18 20
2911  2  3 29 21 26  9 12  5  6  1 28  8 27 23 24 13 16 25 11 19 20  7 10 15 18 17 22 14  4
3020 20 21 29  5 12 26  3  2  1  9  6 28 24 23 25 27  8 16 19 11  7 13 18 17 22 14 15  4 10
2864 18 14 17 10 15 22 11 19  7 25  4 13  1 24 16 27 23  8 28 21  9  2 12  6  5 26  3 29 20
2941  2  3 29 26  6  5 12  9  1 28 27 24 21  4  8 16 13  7 23 25 19 11 18 22 17 14 15 10 20
3080 22 11 18 14  4 17 15 19  7 25 23 13 27  8 16 10  2  1 24 21 28 12  9  6  5 26 29  3 20
2934  3 29 26  5  2  9 12  6 21  1 28  8 27 23 16 25 13 24 19  4 10 20 15 11 17 18 22 14  7
2992 10  4 20 18 15 17 22 11 14  7 25 19 23 27 24 13 16  1  8 12  9 29 26  3  6 28 21  5  2
2777 11 14 22 17 18 15 10  4 19 25  7 13 24 27 16 23  8  1 28  6 21 12 20  9  5 26 29  3  2
2981 10 15 19 11 14 17 22 18  4 25  7 23 13 16  8 24 27  1 12  5 21 20  2 28  9  6 29 26  3
2851  2 29  3 26 21  5  6  9 12  1 13 28 24 27  8 23  7 25 20 10 16 11 19 15 22 18 17 14  4
2906  4 11 22 18 17 14 15 25  7 19 13 24 10 16  8 27 23 21 28  1  2  6 12 26  9  5  3 29 20
3015 15 22 18 16 25  7 11 14 17  4 10 13 19 23 27  8 24 28  1 21 12  6  5 26  3  2 20  9 29
2905 20 22 18 17 14 11 15 19 25  7 16 23  4 13  8 24 28 27  1 21 10 12  6  9  5 26  3 29  2
3013  2 26  9  1  8 28 29  3 21  6 12  5 10 13 27 24 16 23  7 25 15 19 20  4 18 17 22 14 11
2898  3 29 26  9  5  1 28  6 12  2 20 21 27  8 23 24 13  7 25 16 19 14 22 17 11  4 10 15 18
2975  4 14 22 15 17 18 11 19 13 27 24 23  8 16  7 25 10  9 12  5  6 28  1 21 26  2  3 29 20
2931  5  3 29  2 21 12  6  9 26 28  1 24 27 23  8  7 25  4 16 19 13 20 10 11 14 15 18 22 17
2970 10 15 17 14 22 18 25 11  4 16  7 23 19 13 27 24 12  9  1  8 28  6  5  3 26 29 21  2 20
2941 18 19 17 22 14 11  4 15 23  8 27  7 25 16 10 13 20  1 24 28  6 12  9  5 21  3 29 26  2
2968 22 17 18 14 11 15 19 10  4 16 13  7 25  8 24 27 23 28 12  9  5  3  1  6 26 29 21  2 20
2992  2  5  3 26 29 12  9  6  1 21 28  8 27 24 23  7  4 10 19 16 25 13 14 15 18 17 22 11 20
2876 29  3 26  9  5 28 12  6  2 21  8  1 24 27 15 11 25  7 23 16 20 19 13 10  4 17 22 14 18
2996 17 15 22 14 18 11 19 25 23  7 16 27  8 10  4 20 13  1 28 24 12  9  6  5 21 26 29  3  2
2793 20 18 14 17 22  4 10 19 15  7 25 11 13 27 23 24  8 16 28  6  1 21  2  5 12  9 26 29  3
3064 13 18 22 14 17 15  4 11 25  7 23 16 19 10  8 27 24 21 12 20  3  2 29 26  5 28  9  6  1
2975 22 17 14 18 25  7 19 11 15  4 10 13 27 28  8 23 24  1 16  2 21 20  6  5 12  9 26  3 29
2937 20 15 14 17 22 11 18  4 19  7 25 23 27 16 13 10  8 24  1 28  9  5 29  6 12 26 21  3  2
3034 14 15  4 18 17 22 11 23 25  7 19 16 13 10  5  6  8 24 27  1 28 12  2 26  9 29  3 21 20
2811 20 26  5 29  3  2 12  9 21  1  6 28 27 23  8 24 13 16 19 10  4  7 25 11 15 18 22 14 17
2879  2 20 21  3 26  9  5 29  1  6 12 28  8 27 16 24 13  7 23 25 11 19 10  4 15 22 17 18 14
2791 17 18 22 11 14 15  4 25  7 19 16 27  1 10 13 21 24 23  8 28 12  6  5 26  9  3 29  2 20
2870 29  3 26  5  1 12  9  2 21  6 28  8 27 23 24 16 19  7 13 20 10  4 25 14 22 17 18 11 15
3000 15 18 17 14 22  4 10 19 11 25  7 23  8 16 28 27 24  1 20 13 26  5  9  3 29  2  6 12 21
2959  2 29 26  3 21  5 12  6  9 24  8 13  4 20 10  1 28 27 25  7 23 16 19 15 22 14 17 18 11
2874  2  9  3 29 26 21  5 12  6 28  1 27  8  7 23 24 16 13  4 17 22 11 19 25 10 18 14 15 20
3009 14 17  4 18 15 22 11 25 19  7 13 10 20 16 23 27  8 24  1 28  6  5  9 12 29 21 26  3  2
2943 14 18 17 22 11  4 15 10 19  7 25 13 24 23 27 16  8 28  9  1 12 26 29  3  2  5 21  6 20
2892 29  3  2 26  5  6 12  9  1 28 21  8 23 16 13 24 27 19 25  7 11 22 14 15 20 17 18 10  4
2826 29  3 26 12 21  2  5  9  6  1 28 27  8 23  7 25 24 13 16 19  4 15 11 17 22 14 20 10 18
3013 15 22 14 11 17 18 19 25  7  4 10 20 27  8 21 16 23 24  1 28 12  9  2 29  3 26  6  5 13
2956 14 18 22 15 17 11 19 20 13 25  7 23 27  8 16 24  4 10  2  1 12 28  6  9 26  3 29  5 21
3013 11 22 14 20 15 18 17  4 10 19 23  7 25 27 16 13  8 24  1 28 21  2 26  5 12  6  9  3 29
2997  3 29  2 21  5  1 28  6  9 12 26 24 16  8 23 25  7 19 27  4 17 14 22 11 15 18 20 10 13
2916  4 10 17 14 22 18 15 19 11  7 16 25 13  1 24  8 23 27 28 12  9 26  6  5 21  2 20  3 29
2882  2 21 12  5 26  3 29  9 28  6 23  8 24  1 27  7 25 16  4 19 13 11 15 14 22 18 17 10 20 193.616100
