2801  3 29 26  2 21  9  5 12  6  1 28  8 24 16 27 13 23  7 25 19 11 22 15  4 17 18 10 14 20
2758  2 26 29  3  5  9 12  6 21 20 28  1  8 24 27 23 16  7 25 13 19 11  4 15 10 22 14 17 18
2772  3 29 26  9  6 12  5 21 28  1  2 13 23 16  8 27 24 25  7 19 22 11 15 18 14 17 20  4 10
2821 20 15 17 22 14 18 11  4 19 10 16 13 24 23 25  7 27  8  1  6 12 28  2 21  9  5 29 26  3
2894 18 17 14 22 11 15 19  4 10 13 25  7 23 16 27 24  1  8 28 12  6 26  5  3 20 29 21  2  9
2847  2 26  3 29 21 12  9  6  5 28 24 16  1  8 27 13 23  7 25 19 11  4 20 14 18 22 17 15 10
2869 21  2  5  3 29 26  9  6 28 12  1 24  8 16 11 27 23 19 13  7 25  4 15 18 22 14 17 20 10
2859 10 20 14 15  4 22 18 17 11 19 25  7 23  8 16 13  1 24 27 28  6  9  5 26 12  2 21 29  3
2762 29  3  5  2 26  9 12  6 21 28  1  8 16 27 23  7 25 24 11 15 19 17 22 14 18 10  4 13 20
2700  4 18 14 22 17 11 25 15 19 16  7 27 24 13 10 20  1 23  8 28  6 12  9  5 29  3 26 21  2
2808 29  3 26  9  5 28 12  6  1  2 21  8 23 27 13 10  4 24 11 25  7 16 19 18 14 22 17 15 20
2571 17 22 11 15 14 18  4 20 10 13 19  7 25 16 24 27  8 23 28  6 12  9  5 26 29  3 21  2  1
2923  5  6 12  9  3 29 26 21  2 28  1 24 16  8 23 13 27  4 15 19  7 11 25 17 22 14 18 10 20
2824  4 22 14 17 18 15 11  7 25 19 13 10 20 16 27  8 23 24 21  2  5 29 26  9 12  6 28  3  1
2851  2 26 29  3 21  5  9  6 28 12  8  1 23 27 24 16  7 25 11 13 20 10 19 15  4 17 18 22 14
2629  3 26 29  2 21  9  5  1 28  6 12  8 24 13 23 27 16 25  7 15  4 18 22 17 14 11 19 10 20
2832  2  3 29 26  9  5 21 12  6  1 23 24  8 28 27 16 25  7 14 10 20 13  4 19 11 22 18 17 15
2927 12 10 20  4 14 17 18 15 19  7 11 22 25 13 16  8 24 23 27 28  1 21  9  5  6  2  3 29 26
2854 10 20 29  3 12 26  9  5  6  2 21  1 28 24  8 27  7 25 23 16 11 15 19 13  4 17 14 22 18
2842  3 29 26 21  2  9  6  5 12 24  1 28  8 27 23 16  7 25 10 13 18 22 14 17  4 19 11 15 20
2797 20  2  3 29 26  9 28 21  5  6 12  8  1 24 13 10  7 23 27 16 25 15 19  4 14 17 22 11 18
2888 10  4 15 18 22 14 17 11 25  7 13 19 16 23 24 27  8 20  1 28 12  6  5 29 21  9  3 26  2
2823 29  3  2 26  1 12  9  5 21 28  6 24 27 16  8 23 13 10 19 25  7 11  4 15 14 22 17 18 20
2899 21 29  9  5  6 12 26  3  2  1 28 19 25  7 23 24 27  8 13 10 16  4 11 15 14 18 22 17 20
2804 13  2 29 26  3  6  9 12  5 21  1 28 24 27  8 23  7 25  4 19 16 11 15 10 14 18 17 22 20
2853  2 29  3  6  5 26  9 12 28 27 23  1 21 13  8 24 16 19  7 25 11  4 10 20 17 22 18 14 15
2895 20  2 29  3 21  5 26  1 12  9 28  6 24 27  8 23  7 19 16 25 11 17 18 22 14 13 15 10  4
2677 20  2  3 21 29 26 12  5  9  6  1 28 24  8 27 23  7 25 16 13 10 19  4 11 22 15 18 17 14
2900 20 18 22 17 14 11 15 10  4 13 25 19 16 23  7 28 27  8 24  1 21  6 12  2 26  9  5  3 29
2748 20  4 10 15 22 17 18 14 11 19 23  7 16 25 13 24 27  6  1 28  8 12  9  5 26 29  3  2 21
2870 19 25 11 18 14 22 17  4 15 13 16  7 23  8 27 24 21 12 28  1  6  5 26  9 10  3 29  2 20
2841 22 17 18 19 14  4 15 11 25  7 23 27 24 16 13 20 10  8  1 28 12  9 21  6  5 26  2  3 29
2887  4 18 22 17 14 15 10 19 11  7 25 16 13 27 23  8  1  6 12 28 24 21  9 26  5  3 20 29  2
2975  2 21 29  3  5 12  9 26 28  6  1 13  8 24 16 25  7 23 27 20 19 10 18 11 22 14 17 15  4
2883 21  2  3 29 26  9  6 28  1 12  5 24 23  8 16  4 10 20 27 13  7 25 19 11 15 18 22 14 17
2866 26 29  3  9  5 21  6 12  1 28  2 13 24  8 27 16  7 25 23 19 22 17 11 14 18  4 15 20 10
2808  2  3 29  5 26  9 12 21  6 28  8 16 23  1 24 13 27  7 25 10  4 19 11 18 22 17 14 15 20
2813 29  3 26  1  5  9  6 12 28 21  2  8 23 27 24 13 16 19 11 25  7 20 10  4 15 22 17 18 14
2903  2 20 26 29  5  6  3 21  9 12 28  1  8 24 13 27 23  7 25 16 19  4 10 15 11 17 18 22 14
2593  3 29  5 26  9 12  6 21  2 28  1  8 27 24 16 11 25  7 23 13  4 19 15 14 18 22 17 10 20
2895 21 26 29  3  2  5  9  6 12 28  1 23  8 27 16 24  7 25 11 13 10 19 22 15 14 18 17 20  4
2762 10 17 22 14 18 25 19  4 15 11  7 23 16  8 24 28  1 27 13 20  2 21 29 26  3  5  9 12  6
2976 21  2  3  5 29  9 26 10  1 28 12  6 13 19 16 25  7 23 27  8 24 20  4 11 15 22 14 17 18
2825 29  3 26  5  6 12  9 21  2  1 28  8 16 27 23 13 24  4 10 22  7 25 19 15 11 17 14 18 20
2842 18  4 10 15 17 22 14 25  7 11 19 16 23 27 24  8  1 28 20  2  3 29  9 26 21  6 12  5 13
2885 10  4 20 11 18 14 22 17  7 15 19 16 25 13 24 23  8 27 21 29  3 26  5  9 12  6  1 28  2
2954  2 28 21  6 12  9 29  5 26  3 20  1  8 24 27 19  7 25 16 23 13 10 15 11 18 14 17 22  4
2853 21  3 29  2 26  9  5  6 28 12  1  8 23 27 24 13  4 20 10 11  7 19 16 25 15 22 18 17 14
2903  3 29 26  5  2  9 12  6 21  1 28  8 23 27 24 16 13 20 17 25  7 18  4 22 14 11 19 15 10
2873  9 12 29  3  5 26  2 21  1  8 24 28  6 23 27  7 25 11 22 14 17 18 20 10 16 19 15  4 13
