3377 12 23 16 25 24  8 27  7 22 11 15 10 19 14 17 18  4 13  2 21 26 29 20  3  1  5  6 28  9 32.578036
2810  7 25 19 15  4 18 17 11 14 22 13 10 20  2 26 29  5 21  6 12  9  3 28 24  1 16  8 27 23 33.462091
3132 25  7 23 16 27 19 11  4 15 22 14 18 17 10 13  8 24  1 12 28 26 29 21 20  9  6  5  3  2 29.729858
3034 14 17 11 15 22 18  4 20 10 19  7 25 16  8 27 23 13  1 28 24  2  3  5 12  9  6 26 29 21 29.089818
2672  2  3 21 26 29  9  5 28  6 12  1  8 23 27 24 16 19  7 25 11 20 13 15 14 22 17 18  4 10 28.933809
3006 15 18 14 17  4 13 22 11 19  7 25 16 23 27  8 28  1 24  6 10 12  9  5 21 26 29  2  3 20 29.309831
3082 18 15  4 11 14 22 17  7 23 25 16 19 20 13  8 24 27  6 28  1 21  5 26 29  9 12  3  2 10 29.813864
3110 26  3 21  2 29  5  6  9 12  8 27 16 24 25  1 28 23  7 10 13  4 15 17 22 14 18 11 19 20 29.629851
3044 22 14 18 17  4 25 11 15 10 20 13 24 16 23  7 19  2 21 29  9  3 26  5  6 12 28 27  8  1 29.377837
3006 17 14 18 15 11 22 19 25 16 13 10  4  7 27  8 23 24 28 12  1 21  2  9  6 26  3  5 29 20 29.237828
3159 25  7 16 22 10  4 15 13 11 19 14 17 18 20 29  5 26  9  3  2 21  6  1 12 28  8 24 27 23 29.177822
3096 29 26  3  5  9  6 12  2  1 21 28 13 10 16  8 27 20 24 23 25  7 11 19 22 14 17 18 15  4 30.749923
3288 20 10 18 14 11 22 17 15  7  4 25 19 16 24 27 23  8 13 29 21  3 26  2  6  9 28  5 12  1 29.413838
3027 22 14 18 17 25  7 11 15  4 19 23 16 27 24  8 28 12  5  9 26  6  2  1 20 21  3 29 10 13 29.465842
3133 21  5 26  9  3 29 20  2  1 12  6 27 24 28  8 23 16  7 25 11 13 22 19  4 18 14 17 15 10 30.649915
3046  3  5 21 20  2 29 26  6  1 12  9 28 24  8 27 23 19 16  7 11 25 14 22 17 18  4 10 15 13 29.377835
3054  1 28  8 23 27 16 13 24 19 25  7 18 11  4 14 22 17 15 10 29 20 12  6  9  3 26  2  5 21 29.289831
3167 22 17 18 10  4 15 14 11 19 16 23  7 13 25 27 24  8  1 28  5  9  6 26 12 20  3 29  2 21 28.953810
2989 18 14 17 22 11  7 25 15  4 16 19 23 27 13  8 24 10 20 21  6 12  1  2  9 28  5 26  3 29 29.409838
3042 13 18 11 19  4 10 17 22 14 15 20  7 25 24 16 27 23  8  6 12 21  1 28  9 26 29  5  3  2 29.289830
3031 20  3  2  5 29 26  9 12  6 21  8 28 27  1 24 23  7 11 19 10 13 16 25  4 14 15 17 22 18 28.989812
2957 23 27 16 24  1  8 13  9 12 21 28  6  5  2 29 26  3 20 10 15 11 19 18 17 22  4 14  7 25 28.969810
2961 15  4 18 17 14 22 11 10  7 27 23 19 25 16 24  8 13  6 28  1  2 21  9 12  5  3 26 29 20 29.013813
2938 13 19  4 18 17 14 22 15 16 11  7 25 23 27 24  8 28 12  6  1 10 21  5  3 20 29 26  9  2 28.989812
3143  2 29  3  1  6  5  9 12 26 21 24 16 28  8 23 27 13 19  7 10 15 11  4 18 17 14 22 25 20 29.441840
3086  2  9  3 29 26  5  6 21 12  1 28 13 24  8 23 16 19  7 27  4 20 10 25 11 17 14 18 22 15 29.077817
3090  2  3  5 29 26  9  6 12  1 28 21  8 24 10 20 25 27 23  7 16 13 19 15 14 17 22  4 11 18 29.741859
3132 29 10  4 20 15 17 18 14 22  7 25 11 19 16  1 23 24  8 27 13  6 28  9  5 26 21  2 12  3 29.853866
2920 20  5  9 29  3 26  2 21  6 12 16 24  8 28  1 23 27 10 13  7 25 14 22 17 18  4 19 11 15 29.117820
3327 12  3 29 26 28  9  5 21  2  1  6 15  4 20 22 17 14 18 25 11 10 13 19  7 27 23  8 16 24 28.917807
2926  3 29 26  5 21  2 20  6  9 12 28 27 24  1  8 16 13 10 25  7 23 11 15 19  4 18 17 14 22 28.809801
2860 17 18 22 14  4 10 15 11  7 25 19 16 24  1 28 23 20 13 27  8  9 12  6  5 26 29  3  2 21 28.905806
3081  3  2 29 26  9 28 12  6 13  5  1 21 19 16 24  8 27 23  7 25 15 14 17 18 22  4 20 11 10 29.097819
3402 11  7 15 14 17 18 22  4 28 12  6 10  3  5  9 26 29 13  2 21  8 24  1 16 23 27 20 19 25 29.053816
3086 18 22 14 17 15  4 11 19 25 16 13 24 27  7 23  8 10 20 12  1 28 29  3  9  6 21 26  5  2 29.117819
3210 18 14 17 11 22  4 10 15 16  7 25 19 20 13 24 23 27  8  6  2  9  5  1 21 12 28 29  3 26 28.961811
3276  5 26 28  6  9  2 21 29  3 12  1  8 23 24 16 13 10 20  7 25 27 15 19  4 11 17 14 22 18 28.953809
2918  2  3 29 21 26  6 12  9  5 28 24  1  8 16 27 23 25 19 15  7  4 18 17 14 11 22 13 20 10 28.969811
3158  4 11 14 15 18 10 22 17 19 25  7 16 28 27  8 23  1 24 13 20 12  6 21 26  9  5 29  3  2 28.797799
2998 28 12  6  5 21  9 26 29  3  2 20  1 24 27  8 23 25 15  7 19 16 13 10 11 22 17 18  4 14 28.773799
3118 10 22 14 18 17 15  4 19 11 25  7 27 24 23 16 28 21  6  8  1  2  5 26  3 13 12  9 29 20 28.921807
3177 29  3 26  9 12  5 20  2  1  6 21 16 13 28 24  8 27  7 25 23 19  4 18 22 11 17 15 14 10 28.973811
3093 20 15  4 10 11 17 14 22 18 19 25 23  7 27 13 26 16  8 24  2  3 29  9  5  6 12 28  1 21 28.853803
2891 20 29  3  5  9 28 26 12  6  2 21  1 27  8 24 13 16 10  4 19 23 25  7 11 14 22 17 18 15 28.569786
3189 27 23 13  8 24  7 14 17 22 25 16 19 15 11 18 20 10  4  2  3  5 21 29  9 26 12  6 28  1 28.985812
3153 20 18 17 14 22  4 19 15 13 24 11  7 25 16 23 27  8  1 10 12  6 28  2  9 21  3 26 29  5 29.797862
3113  2  3  9  5 21 29 26 12  6  1 28 20 16 10 13 24  8 27 23 25 11  7 19  4 14 15 18 17 22 29.941872
2994  2 12  5  9 26 29  3 21 28  6  1 27  8 24 16 23 19 11 25  7 13 15 20 17 18 22 14 10  4 28.865804
2872 20 10 11 17 22 14 15 18  4 19 25  7 13 27 23 16 24  8 28  6  1  9 12 29 26 21  5  3  2 28.925807
3009 20  4 10 15 18 17 14 22 16 23  7 27 19  8 25 11 13 24  1 28  9  6 12  5 21  2  3 29 26 28.857804
