2943  7 14 17 22 11 18 20 15 16 25 19 10 13  4 21  1  2  5  3 29 26  9 28 12  6 24  8 27 23 25.669604
2924 29  3 26  9 12  5  2  6 28 21  1 24  8 23 27 13 10 19 16 11 15 25  7 14  4 22 17 18 20 25.601599
2812  2 29  3 26  9  6  5 21 12 28 24  1 16 27 23  8 13 10 20  4 11 25  7 15 19 14 17 18 22 25.585598
2857 14 18 22 17 11 15  4 25  7 19 10 20 23 24 13 16 27  8 28  1 21  2  6 12  5  9  3 26 29 25.373587
2862 15  4 11 17 18 14 22 10 19 16 25  7 23 24 27  1 13  8 28 12  5 21  6  9 26  3 29 20  2 25.685605
2816 12  6  9 26  1 29  3  5  2 21 13 10  4 20 15 17 14 22 11 25 19 18  7 23 24 16 27  8 28 27.137695
2963  9 26  3 29  5 12  6 21 28  1 24  8 23 25 27  7 16 13  2 20 10  4 14 22 15 11 19 18 17 27.069692
2993 18 22 17 15 14 19 25 11  7 23  4 20 13 24 16 27  8  1 28 10  2 21 12  6  9  5  3 29 26 25.793613
2623 15 22 18 17 14 11  4 13 25 16 19  7 27  8 23 24 28  1 12  6  5  9 29  3 26  2 21 20 10 25.517594
2835 17 22 11 19  4 18 15 14 25  7 23 16 24  8 27 10 20 13  6 12 21  1 28  2  3 29 26  9  5 25.377586
2896 18 14 11 17 22  4 15 10 20 25  7 19 16 23 27  8 13 24 28  1  6 12  2  3 21  5  9 26 29 25.409588
2810 15 18 14 17 22 11 19 25  7 23 16  4 13 28  8 27 24 20 10  6  5 21  1 12  9 26  2  3 29 25.445590
2821 29  3 21  2  9  5 26 28  6 12  1 16 23 24 27  8 25  7 19 13 10 11 22 17 18 14  4 15 20 25.489594
2980 29  3 26  5  9 21  2 12  6 28  1 24  8 16 10 20  7 23 11 25 27 13  4 19 15 14 22 17 18 25.353584
2841 18 14 17 22 10  4 15 11 25  7 23 19 16 13 20 28 21 24  8 27  1  6  9  5 12 26 29  3  2 25.377586
2711 28 12  6 21  9  5 26  3 29  2 20 10 14 17 18 22 15 11 23 25  7  4 19 13 27 16  8 24  1 25.305582
2925 12  6 28 26 29  3  5  9  2 20 13 10 21 18  4 11 17 15 14 22  7 25 19 16 23  8 27 24  1 25.565598
2761 22 14 18 17 19 11 25  7  4 15 10 13 16 27 24 23  8  1 28 21  2 12  9  6  5  3 26 29 20 25.341583
2919 17 22 14 18 25  7 11 15  4 16 19 23 27 24  8  1 13 10 21  6  5  9 12 28  2 20 26  3 29 25.305581
2874 12  5  9 26  3 29 10 21  2 20  4 15 17 11 22 18 19 14  7 25 16 27 13  1 23  8 24 28  6 25.413589
2906 29  3 26  9  2  5  6 12  8 23 28  1 27 24 16 21 20 10  4 11  7 25 13 19 15 14 17 22 18 25.401587
2910 18 14 22 17 11 25  7 19 15  4 20 16  8 13 23 27 24 10 21  1 28  6  9 12 26 29  3  2  5 25.361585
2901 10 20  2 29  5  9 21  3 26 12  6 28  1 16 27  8 13  4 19  7 23 24 25 17 14 15 11 22 18 25.461591
3131 25 11  7 16  2 29  3 26 21  9  6  5 12 28  8  1 23 20 10 27 24 13  4 19 15 17 22 18 14 25.445591
2918 18 15 22 17 14 19 11  4 25  7 27 23 16 24 13  8 12  5  6  1 28 21 29  3  9 26  2 20 10 25.589599
3037  8 28  6 12  9  3 29 26 21  5  2  1 24 10 13 20 14  4 17 18 19 11 15 22  7 23 25 16 27 25.737608
2804 17 22 14 19 11 10 18  4 15 13 16  8 27 23  7 25 24  1 28  9 12  6 21 26 29  3  5  2 20 25.825614
3163 29 26  3  5  9 19  4 15 14 17 18 13 10 22 11  7 25  8 23 16 24 27 20 21  2 28  6 12  1 25.933621
2805 29  3 26  9  5  2 12 21  1 13  6 28 24  8 27 23  7 19 16 25 11 22 15  4 18 17 14 20 10 25.633602
2815  3 29  2 26  9  5  6 21  1 24 12 28 23  8 16 27 13 20 10  4 15 25  7 19 11 22 17 14 18 26.585662
2855 29  3 26  5  6  9 12  2 21  1 13 24 28 27  8 16  7 25 19 23  4 20 10 15 11 22 14 17 18 26.057628
2866 17 22 14 18 15  4  7 25 24 13 23 11 10 19 16 27  8  1 28 21  2  5 12  6  9 26  3 29 20 26.213638
2773 16  8 23 28 27 24  1  6 21  9 12  3 29 26  5  2 20 10 13 19 15 18 14  4 17 22 11  7 25 26.521658
2807  3 29 26  2 21 12  6  9  5  1 28 24 13 22 14 11 15  4 10 20 19 18 17 25  7 23 16 27  8 25.765611
2970 15 11 14 22 17 18 20 10 16 25 13  7 19  4 23  8 27 24 28  1  5 21 12  6  9 29  3 26  2 25.881617
2991 17 22 14 18 11 25 10  4 20 15 19  7 23 13 24 27 16  8  6 28  1 21 12  5  9  2 26  3 29 25.821614
2816  2 29 26  3  5  9  6 12 21  1 23  8 24 27 28 16 13 25 19  7 11  4 10 15 17 22 14 18 20 26.049628
2890  7 25 11 14 17 22 18 15 19 10 13 21  4 29 20  3 26  2  9  6  5 12 28  1 27 16 24  8 23 25.901619
2931 18 15 11 22 17 14  4 19 25  7 27 16  8 23  1 24 10 13  2 28 12 21  9  6  5 29  3 26 20 25.869616
2899  3 21  2 29 26  5 12  9  1  6 28  8 23 27 24 13  7 16 25  4 10 11 19 15 14 17 22 18 20 25.817613
2999  4 17 22 18 15 14 11 25  7 23 27 19  8 28 24 13 16 20 10 12  6  3 29 26  5  9  1  2 21 27.389711
2959 15 22 14 17 18 25  7 27 23 11  4 19 16 13 24 10 20  1  8 28 12  6  2 21  9  5 26  3 29 25.681606
2716  2 26  3 29  5 21  9 12  6  1 24 28 16 23  8 27 13 25  7 19 15 11 22 14 17  4 18 20 10 26.589661
2789 11 17 15 18 22 14 19  4 10 20 16 25  7 23 27 13 24  8  1 28 12  6  5 21  9  3 26 29  2 27.165698
2940 14 22 11  4 15 18 17 10 19 16 25  7 23 27  1 13  8 28 24  6 12 20 21  5  9 26  3 29  2 25.649603
3139 12  2  3 29  9 26  5  6 28  1  8 27 24 21 16 23 25  7 10 19 15 22 11 13 17 18 14  4 20 25.613601
2836  2 26 29  3  9 12 28  1  5  6 21 23  8 24 27 16 25  7 19 13 20 10  4 22 15 11 14 18 17 25.757609
2754 29  3 26  5  2 20 21  6  9 12 28  1 27  8 24 16 13 10  4 23  7 25 15 11 19 18 22 14 17 25.781612
2920  4 14 15 22 18 17 11 13 10 25 16  7 27  8 23 19 24  1 21  5  6 28 12  9 26  3 29  2 20 25.709607
3120 26  6 12 28  9  5  2  1 29  3 21  8 10 20 14 17 15 11 22 18  4 19  7 25 16 24 27 23 13 25.933621
