2461 20  2 21  3 26 29  5  9 12  6  1 28  8 24 23 27 16 13 25  7 10  4 15 19 11 22 14 17 18 34.734171
2776  4 10 17 22 14 18 15 11  7 25 19 23 27 24  8 16 13 28 12  6  1  9  5  2 29 26  3 20 21 29.449841
2886 25 11 15 14 17 18 22 20  4 10 13  6 12  5  1  2  3 29  9 21 26 28  8 24 27 19 16 23  7 29.037815
2907 19 16  7 25 14 22 17 18 11 15  4 20 10 29 21  2 26  3  5  9  1  6 12 28 13 27 23 24  8 28.669792
2776  5 29  3 26 12  6  9  2 21  1 24 28  8 23  7 27 16 25 11 15 13 19  4 18 14 17 22 10 20 29.221826
2956 20  2 21  3 26 29  9  5  6 12 13 24  1 27 23  8 28 16 25  7 11 10 19 22  4 15 17 14 18 28.405776
2742 15 18 14 17 22 11  4 16 13 19  7 25 23 27 10  1 24  8 28 12  6  9 26 29  5  3  2 21 20 28.693792
2757 17 22 11 18 14 15 20 10 21 29 26  2  3  5 12  9  6  1 28 24 27  8 23 16  7 25 19  4 13 29.889868
2886 28 26 12  6  9  5 29  3  2 21 24  4 10 20 14 18 15 17 22 11 13 19 25 16 23  7  8 27  1 28.901806
3032 29  5 26  9 12  6 28 24  1  8 13 27  7 23 16 25 22 14 11 18 17 20  4 15 19  2 10 21  3 28.565785
2867 29  3  2 26  9  5 21 13  6 12  1 28 24  8 27 23  7 25 16 18  4 17 19 14 22 11 15 20 10 28.501781
2885 20 21  1 29  2  3  9  6 12 28 26  5 24  8 16 27 23 13  4  7 25 19 11 22 17 14 18 15 10 28.509782
2812 28  1  2 26  5  3 29  9 12  6 21 20  4 18 14 17 10 11 15 22 19  7 25 16 13 27 23 24  8 28.457779
2871 21  9  5  2  3 29 26  6 12 28 24 16  8 23 27  1 13  7 11 25 10  4 19 15 18 22 17 14 20 28.421776
2933 14 15 22 18 11 19 20 10  3 29  2 26  9 21  5 12  6 28  1 27 24 13 23  8  7 25 16  4 17 28.361772
2879  2  5  3 26 29 21 28  6  9 12  1 16  8 23 24 27 13 11  7 25 19 14 17 18 15 22  4 20 10 28.481780
2781 14 17 22 18 11 15  4 10 13  2  9 29 20 21  3 26  5 12 28  6  1  8 27 24 19 25  7 23 16 28.397775
2986 23 27 19 25  7 11 17 22 14 18 15 10  4 13 20  2 21 24 28  8 16 12  9  5  1  6 26  3 29 28.381774
2709 14 22 17 18 15 10 20  2  3 29 26  5  9 12  6 21 28  8  1 24 27 16 13 11  7  4 25 23 19 28.317769
2815 20 10  4 22 15 14 17 18 11 19 25  7 13  8 27 16 23 28 12  2 21  1 24  6  9  5 26  3 29 28.453778
2842  5 12  6  9 26 29 21  2 20 10  4 15 18 22 14 17 19 11 25 13 23  7 27  8  1 24 16 28  3 28.417776
2713 16  8 27 23 24 28  1  5  9 12 26  6 29  3  2 21 13 10 20 18 14 22 17 15 11  4  7 25 19 28.301769
2806  5 29  2  3 26 21 22 14 10 20  4 15 19 18 17 11 25  7 23 16 13 27 24  8  1 28  6  9 12 28.441776
2658 10 20 15  4 18 17 22 14 11 13 25  7 23 19 16  8 27 24  1 28  2  5 21 12  6  9 26 29  3 28.629790
2831 16 19 25 11  4 15  7 18 22 17 14 10 20  2 21  3 26  9 29  5 12  6 28  1 23 13 24  8 27 28.717795
2732  3 29 26  5 12  9  2 21  1 24  6 28  8 13 27 23 16 25  7 19 15 22 14 17 18  4 11 20 10 28.393774
2694 13 16 23 27  8 24  1 28 12  9  6 29 26  5 21  2  3 20 10 22 14 15 17 18 19 25  7 11  4 28.269766
2764 27 23  1 24 16 13  8 21 28 12  6  9 26 29  3  5  2 10 20 18 17 22 14 11  4 19 15  7 25 29.017813
2771  8 24 27 23  7 16 19 25 22 11 18 17 14 15  4 13 20 10 21  6 12  9 28  1  5  2  3 29 26 30.317895
2736  2 21  3 26 29  9 12 28  6  5  1 24 13 16  8 27 23 19 25  7 11 15 14  4 18 22 17 20 10 28.261766
2784 20 18 17 14 22 11 19  4 15 10 13  7 25 23 16  8 27 24  1 21 28 12  6 26  9 29  2  3  5 28.493782
2646 19 25  7 27  8 24 23 16 13  1 28 21  6 12  9 26  5  3  2 29 10 20 15  4 14 22 17 18 11 28.453777
2816 15  4 25  7 19 18 14 17 22 11 10 20 21  6  9  5 29 26  3  2  1 28  8 12 24 27 23 13 16 28.329771
2891 10 18  4 15 14 17 22 11  7 25 19 13 27  8 16 23 24  6 21 12  9  5  1 29  3 26 28  2 20 28.305770
2894  2 20 29  3 26  9  6  5 21  1 10 28 12 24  8 27 23 25  7 13 16 19 11 14 17 18 22 15  4 28.253765
2748  2 29  3 26  5 12  9  6 28 21  1 24 13 10 16  8 19 27 23  7 25 14 11 15 18 22 17  4 20 28.453779
2828 14 22 17 18  4 10 15 11 23  7 25 19 27 24 13  8 16 28  1  6  9 29  3 26 12  5 21  2 20 28.345771
2813 20  2  3 29  9  5 26 21  6 28  8 24 12  1 23 27 25  7  4 13 16 19 11 15 17 14 22 18 10 28.401775
2732 25  7 23  8 24 16 27 19 13  1 21  6  9  5 29  3 26 28 12  2 20 10 18  4 15 22 14 17 11 28.241764
2690 10 20  3 29 26  9  5 28  2 21  6  1 12  8 24 23  7 25 16 27 13 11 19 15 22 17 14 18  4 28.241766
2727 10 20  4 17 22 14 18 15 19 11  7 25 13 16 23 24 27  8 12  9  3 26  5 29 21  1 28  6  2 30.965935
2893 26  3 29 20 17 22 14 11 15 19 18  4 10  7 27 23 25  8 24 16 13  2 21 28  1  6  9 12  5 28.585786
2827  4 14 17 22 18 11 19 10 20 13  7 25 16  8 23 15 27 24  1 28  6 12  9  5 21 29  3 26  2 28.697794
3026 28  9 26 20  3 29  2 13 10 22 19 17 14 11 15  4 18 16 25  7 27 23  8 24  1 21  5 12  6 28.609788
3017 14 11 15  4 19 20 10 21  5  2 29 26  3  9 12  1  6 28 23  8 27 24 13  7 25 18 16 17 22 28.613788
2704 27 13 21 24  8 23 28  1  6 12  5  9 26 29  3  2 10 20 14 17 22 18  4 25 19 15 11  7 16 28.485780
2555  3 26  2 29 21  9  5  6  1 12 28  8 27 16 13 24 23  7 25 11 17 22 14 18 15 19  4 10 20 28.593787
2797 23 24  8  1 28 12  6 21  9 26  2  5 29  3 20 13 10 17 14  7 25 18 22 11 15  4 19 16 27 28.481780
2786 27 24 23  8 16 25  7 19 13 17 22 11 14 15  4 18 10 20  2 21  3  9 29 26  5 12  6  1 28 28.537783
2844 18 15  4 14 22 17 11 25 19 10 23  7 13 16  8 27 24  1  5  6 21 28 12  9 26 29  3  2 20 28.517781
