3001  3 29 26  5  9  2 21 13 12  6 28  1 23  7 27 16 19  8 24 25 22 18 15  4 11 14 17 10 20 29.153823
3166 26  3 29  6 12  9  5  2 13 24 21  1 28 27  8 16 15 10 23  7 19 11 25  4 20 22 14 17 18 29.369835
2949  6  5 29  3 26  9  2 21 12 28  1 24 23 27 16 13  8  7 25 10 20 19 18 17 14 15 22 11  4 29.061816
3005 29  3  2  5 26  9 12  6 28 24  1 20 13 21  8 23  7 25  4 19 16 27 14 15 11 18 17 22 10 29.149822
2909 15 20 10  4 18 11 22 14 17 23 19 16 25  7 27 24 13  1  8 28  6 12  9 26  5  2  3 29 21 29.177823
3156 21  2  3 26 29  1  9 12  6  5 28 24  8 16 23 27 13 10 22 20  7 25 19 11 17 15 14 18  4 29.653854
3134 14 22 17 11 18 15 10 25  4  7 19 16 27  8 23 24 13 20 28  1  6 12  9  5  3 21  2 29 26 29.145821
3172 21 29  3 26  5 12  6  1  2 28  9  8 27 24 19 16 23  7 10 14 17 22  4 15 25 11 18 20 13 30.997938
3219 16 27  8 24 13 15 22  7 25 23 19 18 17 11 14  4 10 20  2 29 26  3  6  1 21 12 28  5  9 29.365835
3133 11 14 17 18 22  4 15  7 25 19 16 13 10 20 29 21 28 24 27 23  8 26  3  5  2  1 12  9  6 29.073816
3061 10  4 14 22 17 15 11 25 18 20 13 19 16 27  7 23 24  8  5  1 28  6 12  3 29  2 26  9 21 29.069818
3002  4 15 18 19 11 22 17 14 10  7 25 20 16 27  8 23 24  1 28 26  6  5  9 12 29  3  2 21 13 29.245827
2987  2 26  3 29  5  9 12  6 21  1  8 28 23 13 16 20 27 24 10 11 25  7 19 15  4 17 22 14 18 29.009813
3007 11 22 17 14  4 18 15 19  7 13 20 10 25 24 23 27 16  1  8 28 12  6  5  2 21 29  3 26  9 29.049815
3195 15 11 22 17 14 18 27 25 19  4 20 10 13  7 23 28  8 24  6  1 16 21  9 12 26  5 29  3  2 29.041815
2964 10  4 14 22 18 17 15 11 25  7 20 13 19 16 23  8 27 24  1  6  9 12  2 28 26 29  5  3 21 29.029814
2796 10 20  4 19 11 22 17 18 15 14  7 25 27 23 24 13 16  8  1 12  6 28 29  3 26  5 21  2  9 28.949810
2886  2  5 21 26  3 29  9 12  6 23 28 24 27  8  1 13 16 25  7 10 19  4 18 22 14 17 11 15 20 29.325832
3082 18 22 17 14 20  4 11 15  7 19 25 27 23  8 24 13 10 28  9 12  6 16  1 21  5 26  3 29  2 29.065816
3090 22 11 15  4 18 17 14 25  7 19  8 13 24 10 16 23 27 28  5  9 12  6 21  2 29 26  3  1 20 29.185824
3125 11 22 14 18 17 10 20 19 13  4 15  7 25 16 24 27  1  8 23 28 12  2  9 21 26  3 29  5  6 29.033814
3199 27 23 24 28  8 12  5  6  1  9 26 29 21  3 20  2 18 15 19 10  4 14 11 22 17 13  7 25 16 28.981812
3021 15 18 17 22 14 20  4 11  7 25 24 16 23 13 10 19 27  8 28  1 21  2  3 29  6  5  9 12 26 29.161822
3119  5 28 12  6  9  2 26  3 29  1 21 25  7 24 23  8 27 16 19 14 22 17  4 15 18 11 20 13 10 29.221826
2932 26  3 29 21  5  2  9  6 12 28  1 24 27  8 13 16 25  7 23 19 22 15 14 18 11 17 10  4 20 29.121820
3115  1  9 29  2 26  3 12  5  6 28 21  8 27 23 24 16 19 13 25  7 20 10 15  4 18 14 17 22 11 28.993812
3036  2 29  3 26 28 21  6  1 12  9  5 16 23 24 27  8 13 10 20 11 15 19 25  7  4 17 22 18 14 29.389837
3132 15 14 22 17 18 19 11  7 24 13  8 23 16 27 25  4 10  3  2 20  1 28 12  5 29 26  9  6 21 29.037815
3053  2 21 29  3  5  6 26  9 12  8 28 24  1 27  7 23 19 11  4 13 10 20 16 25 15 22 17 14 18 28.857804
3005 11 22 17 18 14 15  4 25  7 23 19 16 24  8  1 27 10 21  6 20  2  3 29 26 12 28  5  9 13 29.373835
2959 21 29 26  2  3  5  1  9 12  6 28  8 13 24 16 25 27 23  7  4 19 10 11 22 14 17 18 15 20 29.109819
2958 12  9 29 26  5  2  3 21  1 28  6  8 24 23 25  7 20 13 27 16 19 10 15 11 22 17 14 18  4 29.049816
3083 18 14 17 22 15 11 19  4  7 25 16 24 23 27  8 20 10 28  1 21 26  2 13 12  6  9 29  3  5 28.949809
3095 27  7 16 24 23 25 14 22  4 11 13 15 18 17 19 10 20  5 21  1  2 29 26  3  9 12  6 28  8 29.077817
3066  3 29  2 26  5  9 12 21 28  6  1 24 20  8 27 16 23  7 25 13 10 19 15 22 14 11 17 18  4 28.961811
2998 20  2 26 29  3  5 12  9  1 21  6 28  8 23 13 24 27 11 25 16 19  4  7 17 14 18 22 15 10 29.169823
3147 22 14 11 17 18 15 25  4 10 23 19  7 16 27 24 13  1  8 28 12 21  6  9 26  3 29  2  5 20 29.069816
3126 10 22 14 17 15  4 18 11 25 23 13  7 19 16 27 24  8  1 28  6 26  3 29 20  9 21 12  5  2 28.989813
3010  2 29  3  5 26  6 28 12  9 21  8  1 24 23 16 27 13 25  7 10 20 19 15 11 14 22 17  4 18 29.017813
3049  2  3  5  9 29 26 12  6  1 21 28  8 24 16 23 27 25  7 20 15 19 11 13 10 17 14 18 22  4 29.129820
2939 29  3 26 12  9  5 21  6  1  8 13 20  2 28 24 16 27 23  7 25 15  4 11 17 19 14 22 18 10 29.053816
3181 10 15 14 18 17 22  4  7 25 11 19 16 27 23  8  1 13  3  5 12 28 24  2 20 21  9  6 29 26 29.029814
3193 17 22 14 18 11 15 10 19  7 25  4 16 12  1 13 23 27  8 24 28 21  6  2  5  9  3 26 29 20 28.889806
3042  6 12  9  5 26 29  3 28  8 23 27  1 24  7 25 16  4 21  2 13 20 19 11 10 15 22 14 17 18 29.033815
3129 14 22 18 17 15  4 11 19 25 23  7 13 16 24 27  2  9  1  8 28  6 12 26  3 29 10 21  5 20 29.085817
3149 22 18 17 14  4  7 11 15 10 13 20 19 25 16 27 28 24  8 23  1  2 21  6 12 26 29  3  9  5 29.065817
3047  3 29 26  2  5 28  6  9 12  1 21 13 24  8 27 16 23 15 10  7 19 11 18 22 17 14 25  4 20 29.001813
3016  2 26 29  3 21 28 12  5  9  6 20 13 27 23  1 24  8 16 10 15 11 19 25  7  4 22 17 18 14 29.173823
3087  4 18 17 14 22 15 11 16 13 19  7 25 24  1 23  8 27 20 10 26  9 12  3 29 21 28  6  5  2 29.225826
2810  3 29  9 26  5  6 12 28 21  2  1 24  8 16 27 13 20  4 19 25  7 23 15 18 14 17 11 22 10 29.193825
