3018  3  2 29 26  9  5 21 12  6 28 16 27  8  1 24 10 23  7 25 19 14 15  4 13 22 17 18 11 20 28.765797
3045  2 29  9  3 26  5 21  1 28 12  6  8 24 13 23 25 19 27 16  7 20  4 10 15 11 17 22 14 18 28.825802
3322 18 14 11 22 17  4 15 19 10 27 16 23 25  7  6  1  8 28  9 26  5  2 13 24 12  3 29 21 20 28.953810
3192 16 19  7  8 27 23 25 15 11 22  4 14 18 17 20 10 21  1 13  2  3 12  5  6 26 29  9 28 24 29.013813
3190 13 27 16 23 24  4 10 15 22 11 18 14 17  7 19 25  2 29 26  3  5  9  6  1 21 20 12 28  8 28.953810
3093 15 11 14 18 17 22  4 19  7 13 20 10 23 24 25 16 27  8 28  1  6  5 21  3 26 29  2 12  9 29.741858
2974 26  5  9 29  3  2 21  1 12  6 28  8 24 23 27 16 20 13  7 25 10 19 11 14 17 15  4 22 18 29.069817
3168 21 26  9  5 29  3  2 20  6 12 28 27  8 23 13 24  1 16 19 11 15 14  4 17 18 22 10 25  7 28.757797
3117 24 27 23 25 19 16 13  7 15 22 11  4 18 14 17 20 10 12  1 28 21 26  2 29  3  5  6  9  8 28.897806
2974 18 17 22 14 11 15  4 16 13 20 10  7 25 19 27 23  8  6 21 26 24 28  1 12  9  5  2  3 29 28.885805
