2239  2  3 29 26  5  9 12  6 21  1 28  8 23 27 24 16 13 10 20  4 15 19  7 25 11 22 14 17 18 167.618476
2103  6 12  9  5 26 29  3  2 21  1 28  8 24 16 27 23  7 25 19 11 22 14 17 18 15  4 10 20 13 165.550347
2028  1 28  6 12  9  5 26 29  3  2 21 13 10 20  4 15 18 17 14 22 11 19 25  7 23 27 16 24  8 165.702356
2199  7 23 27  8 24 16 19 14 22 17 18 15  4 10 20 21  2  3 29 26  5  9 12  6 28  1 13 11 25 166.402399
2028 24 16 27 23  7 25 19 11 22 14 17 18 15  4 10 20 13 21  2  3 29 26  5  9 12  6 28  1  8 165.278330
2272 21  3 29 26  5  9 12  6 28  1  2 13 24  8 27 23 16 15 18 17 14 22 11 25  7 19  4 10 20 165.646351
2163 29  3 26  5  9 12  6 28  1 21  2 20 10 13 16 24  8 27 23  7 25 19  4 15 11 22 14 17 18 164.930308
2290  4 15 18 17 14 22 11 19 25  7 27  8 28  1 21 10 20  2  3 29 26  5  9 12  6 24 23 16 13 166.934433
2065 28  1 21  6 12  9  5 26 29  3  2 20 10 13  4 15 18 17 14 22 11 19 25  7 23 27 16 24  8 164.554284
2353  5 26 29  3  2 20 19  7 25 11 22 14 17 18 15  4 10 13 21  9 12  6 28  1  8 27 23 16 24 165.702356
2225  5  9 26 29  3  2 21  6 12 28  1 13 20 10  4 15 18 17 14 22 11 19 25  7 23  8 27 16 24 165.750359
2135 11 22 14 17 18 15  4 19 25  7 23 27 16 24  8 28  1 21  6 12  9  5 26 29  3  2 20 10 13 165.854365
2046 25  7 23 27  8  1 28  6 12  9  5 26 29  3  2 21 20 10 13 24 16 19  4 15 18 17 14 22 11 167.882492
2020  3 29 26  5  9 12  6 28  1 21 13 16 24  8 27 23  7 25 19 11 22 14 17 18 15  4 10 20  2 165.002312
2153 21 28  6 12  9  5 26 29  3  2 20 10 13 16 24  1  8 27 23  7 25 19 11 22 14 17 18 15  4 165.390336
2034 23 27  8 24  1 28  6 12  9  5 26 29  3  2 21 13 10 20  4 15 18 17 14 22 11 19 16 25  7 165.098318
2020  2  3 29 26  5  9 12  6 28  1 21 13 16 24  8 27 23  7 25 19 11 22 14 17 18 15  4 10 20 164.454278
2171 21  6 12  9  5 26 29  3  2 20 13 16 24  1 28  8 27 23  7 25 19 18 17 14 22 11 15  4 10 165.250327
2026  3 29 26  5  9 12  6 28  1  8 24 13 16 27 23  7 25 19 11 22 14 17 18 15  4 10 20 21  2 167.242452
2078 28  1 21  6 12  9  5 26  3 29  2 20 10  4 15 18 14 17 22 11 19 25  7 23 16 13 24 27  8 166.814425
2035 28  6 12  9  5 26 29  3  2 21 20 10  4 15 18 17 14 22 11 19 13 16 25  7 23 27  8 24  1 168.006500
2065 18 17 14 22 11 25  7 23 27 16 13 24  8  1 28  6 12  9  5 26 29  3  2 21 20 10  4 19 15 167.650478
2020  6 12  9  5 26 29  3  2 20 10  4 15 18 17 14 22 11 19 25  7 23 27  8 24 16 13 21  1 28 168.414525
2230 26  3 29  4 15 18 17 14 22 11 19 25  7 23 27 16 24  8  1 28  6 12  9  5 21 13 10 20  2 172.466778
2112 16 24  8  1 28  6 12  9  5 26 29  3  2 21 20 10 18 17 14 22 11 15  4 13 19 25  7 23 27 171.526720
